165,6029,5440,6581,6588,6476,5440,5440,5440,5440,5442,5442,5442,0
346,6030,5440,6581,6588,6476,5440,5440,5440,5440,5442,5442,5442,0
548,6030,5440,6581,6588,6476,5440,5440,5440,5440,5442,5442,5442,0
744,6030,5440,6581,6588,6476,5440,5440,5440,5440,5442,5442,5442,0
959,6030,5440,6581,6588,6476,5440,5440,5440,5440,5442,5442,5442,0
1142,6030,5440,6581,6588,6476,5440,5440,5440,5440,5442,5442,5442,0
1334,6030,5440,6581,6588,6476,5440,5440,5440,5440,5442,5442,5442,0
1548,6030,5440,6581,6588,6476,5440,5440,5440,5440,5442,5442,5442,0
1749,6030,5440,6581,6588,6476,5440,5440,5440,5440,5442,5442,5442,0
1957,6030,5440,6581,6588,6476,5440,5440,5440,5440,5442,5442,5442,0
2148,6029,5440,6581,6588,6476,5440,5440,5440,5440,5442,5442,5442,0
2337,6029,5440,6581,6588,6476,5440,5440,5440,5440,5442,5442,5442,0
2534,6029,5440,6581,6588,6476,5440,5440,5440,5440,5442,5442,5442,0
2739,6029,5440,6581,6588,6476,5440,5440,5440,5440,5442,5442,5442,0
2940,6029,5440,6581,6588,6476,5440,5440,5440,5440,5442,5442,5442,0
3143,6029,5440,6581,6588,6476,5440,5440,5440,5440,5442,5442,5442,0
3331,6029,5440,6581,6588,6476,5440,5440,5440,5440,5442,5442,5442,0
3532,6029,5440,6581,6588,6476,5440,5440,5440,5440,5442,5442,5442,0
3734,6030,5440,6581,6588,6476,5440,5440,5440,5440,5442,5442,5442,0
3943,6030,5440,6581,6588,6476,5440,5440,5440,5440,5442,5442,5442,0
4132,6030,5440,6581,6588,6476,5440,5440,5440,5440,5442,5442,5442,0
4333,6030,5440,6581,6588,6476,5440,5440,5440,5440,5442,5442,5442,0
4532,6030,5440,6581,6588,6476,5440,5440,5440,5440,5442,5442,5442,0
4740,6030,5440,6581,6588,6476,5440,5440,5440,5440,5442,5442,5442,0
4935,6030,5440,6581,6588,6476,5440,5440,5440,5440,5442,5442,5442,0
5144,6030,5440,6581,6588,6476,5440,5440,5440,5440,5442,5442,5442,0
5349,6030,5440,6581,6588,6476,5440,5440,5440,5440,5442,5442,5442,0
5534,6029,5440,6581,6588,6476,5440,5440,5440,5440,5442,5442,5442,0
5732,6029,5440,6581,6588,6476,5440,5440,5440,5440,5442,5442,5442,0
5943,6029,5440,6581,6588,6476,5440,5440,5440,5440,5442,5442,5442,0
6138,6029,5440,6581,6588,6476,5440,5440,5440,5440,5442,5442,5442,0
6344,6029,5440,6581,6588,6476,5440,5440,5440,5440,5442,5442,5442,0
6533,6029,5440,6581,6588,6476,5440,5440,5440,5440,5442,5442,5442,0
6741,6029,5440,6581,6588,6476,5440,5440,5440,5440,5442,5442,5442,0
6932,6029,5440,6581,6588,6476,5440,5440,5440,5440,5442,5442,5442,0
7136,6030,5440,6581,6588,6476,5440,5440,5440,5440,5442,5442,5442,0
7338,6030,5440,6581,6588,6476,5440,5440,5440,5440,5442,5442,5442,0
7547,6030,5440,6581,6588,6476,5440,5440,5440,5440,5442,5442,5442,0
7733,6030,5440,6581,6588,6476,5440,5440,5440,5440,5442,5442,5442,0
7932,6030,5440,6581,6588,6476,5440,5440,5440,5440,5442,5442,5442,0
8139,6030,5440,6581,6588,6476,5440,5440,5440,5440,5442,5442,5442,0
8337,6030,5440,6581,6588,6476,5440,5440,5440,5440,5442,5442,5442,0
8531,6030,5440,6581,6588,6476,5440,5440,5440,5440,5442,5442,5442,0
8750,6029,5440,6581,6588,6476,5440,5440,5440,5440,5442,5442,5442,0
8949,6029,5440,6581,6588,6476,5440,5440,5440,5440,5442,5442,5442,0
9142,6029,5440,6581,6588,6476,5440,5440,5440,5440,5442,5442,5442,0
9335,6029,5440,6581,6588,6476,5440,5440,5440,5440,5442,5442,5442,0
9545,6029,5440,6511,6600,6492,5440,5440,5440,5440,5442,5442,5442,0
9757,6029,5440,6271,6429,6296,5440,5440,5440,5440,5442,5442,5442,0
9949,6029,5440,6031,6189,6056,5440,5440,5440,5440,5442,5442,5442,0
10139,6029,5440,6001,6001,6001,5440,5440,5440,5440,5442,5442,5442,0
10341,6029,5440,6002,6002,6002,5440,5440,5440,5440,5442,5442,5442,0
10686,6030,5440,6003,6003,6003,5440,5440,5440,5440,5442,5442,5442,0
10764,6030,5440,6003,6003,6003,5440,5440,5440,5440,5442,5442,5442,0
10931,6030,5440,6003,6003,6003,5440,5440,5440,5440,5442,5442,5442,0
11134,6030,5440,6003,6003,6003,5440,5440,5440,5440,5442,5442,5442,0
11332,6030,5440,6003,6003,6003,5440,5440,5440,5440,5442,5442,5442,0
11540,6030,5440,6003,6003,6003,5440,5440,5440,5440,5442,5442,5442,0
11740,6030,5440,6003,6003,6003,5440,5440,5440,5440,5442,5442,5442,0
11935,6030,5440,6003,6003,6003,5440,5440,5440,5440,5442,5442,5442,0
12244,6029,5440,6003,6003,6003,5440,5440,5440,5440,5442,5442,5442,0
12385,6029,5440,6003,6003,6003,5440,5440,5440,5440,5442,5442,5442,0
12543,6029,5440,6003,6003,6003,5440,5440,5440,5440,5442,5442,5442,0
12739,6029,5440,6003,6003,6003,5440,5440,5440,5440,5442,5442,5442,0
12945,6029,5440,6003,6003,6003,5440,5440,5440,5440,5442,5442,5442,0
13132,6029,5440,6003,6003,6003,5440,5440,5440,5440,5442,5442,5442,0
13348,6029,5440,6003,6003,6003,5440,5440,5440,5440,5442,5442,5442,0
13588,6029,5440,6003,6003,6003,5440,5440,5440,5440,5442,5442,5442,0
13910,6030,5465,6004,6004,6004,5465,5465,5465,5465,5442,5442,5442,0
13940,6030,5706,6006,6006,6006,5706,5706,5706,5706,5442,5442,5442,0
14145,6030,5946,6008,6008,6008,5946,5946,5946,5946,5442,5442,5442,0
14334,6030,6008,6008,6008,6008,6008,6008,6008,6008,5442,5442,5442,0
14537,6030,6008,6008,6008,6008,6008,6008,6008,6008,5442,5442,5442,0
14738,6030,6008,6008,6008,6008,6008,6008,6008,6008,5442,5442,5442,0
14942,6030,6008,6008,6008,6008,6008,6008,6008,6008,5442,5442,5442,0
15147,6030,6008,6008,6008,6008,6008,6008,6008,6008,5442,5442,5442,0
15341,6029,6008,6008,6008,6008,6008,6008,6008,6008,5442,5442,5442,0
15550,6029,6008,6008,6008,6008,6008,6008,6008,6008,5442,5442,5442,0
15735,6029,6008,6008,6008,6008,6008,6008,6008,6008,5442,5442,5442,0
15942,6029,6008,6008,6008,6008,6008,6008,6008,6008,5442,5442,5442,0
16144,6029,6008,6008,6008,6008,6008,6008,6008,6008,5442,5442,5442,0
16333,6029,6008,6008,6008,6008,6008,6008,6008,6008,5442,5442,5442,0
16533,6029,6008,6008,6008,6008,6008,6008,6008,6008,5442,5442,5442,0
16732,6029,6008,6008,6008,6008,6008,6008,6008,6008,5442,5442,5442,0
16932,6029,6008,6008,6008,6008,6008,6008,6008,6008,5442,5442,5442,0
17135,6030,6008,6008,6008,6008,6008,6008,6008,6008,5442,5442,5442,0
17345,6030,6008,6008,6008,6008,6008,6008,6008,6008,5442,5442,5442,0
17533,6030,6009,6009,6009,6009,6009,6009,6009,6009,5442,5442,5442,35
17744,6030,6006,6006,6006,6006,6006,6006,6006,6006,5584,5606,5606,68
17932,6030,6009,6009,6009,6009,6009,6009,6009,6009,5824,5846,5846,308
18134,6030,6012,6012,6012,6012,6012,6012,6012,6012,6011,6012,6012,548
18340,6030,6012,6012,6012,6012,6012,6012,6012,6012,6012,6012,6012,788
18546,6030,6012,6012,6012,6012,6012,6012,6012,6012,6012,6012,6012,1028
18745,6029,6012,6012,6012,6012,6012,6012,6012,6012,6012,6012,6012,1268
18935,6029,6012,6012,6012,6012,6012,6012,6012,6012,6012,6012,6012,1508
19135,6029,6012,6012,6012,6012,6012,6012,6012,6012,6012,6012,6012,1748
19339,6029,6012,6012,6012,6012,6012,6012,6012,6012,6012,6012,6012,1988
19543,6029,6012,6012,6012,6012,6012,6012,6012,6012,6012,6012,6012,2228
19733,6029,6012,6012,6012,6012,6012,6012,6012,6012,6012,6012,6012,2468
19933,6029,6012,6012,6012,6012,6012,6012,6012,6012,6012,6012,6012,2708
20151,6029,6012,6012,6012,6012,6012,6012,6012,6012,6012,6012,6012,2948
20336,6029,6012,6012,6012,6012,6012,6012,6012,6012,6012,6012,6012,3188
20545,6030,6012,6012,6012,6012,6012,6012,6012,6012,6012,6012,6012,3428
20745,6030,6012,6012,6012,6012,6012,6012,6012,6012,6012,6012,6012,3668
20933,6030,6012,6012,6012,6012,6012,6012,6012,6012,6012,6012,6012,3908
21135,6030,6012,6012,6012,6012,6012,6012,6012,6012,6012,6012,6012,4148
21339,6030,6012,6012,6012,6012,6012,6012,6012,6012,6012,6012,6012,4388
21539,6030,6012,6012,6012,6012,6012,6012,6012,6012,6012,6012,6012,4628
21741,6030,6011,6011,6011,6011,6011,6011,6011,6011,6011,6011,6011,4868
21933,6029,6013,6013,6013,6013,6013,6013,6013,6013,6013,6013,6013,5108
22147,6029,6015,6015,6015,6015,6015,6015,6015,6015,6015,6015,6015,5348
22335,6029,6015,6015,6015,6015,6015,6015,6015,6015,6015,6015,6015,5588
22534,6029,6015,6015,6015,6015,6015,6015,6015,6015,6015,6015,6015,5828
22737,6029,6015,6015,6015,6015,6015,6015,6015,6015,6015,6015,6015,5999
22945,6029,6015,6015,6015,6015,6015,6015,6015,6015,6015,6015,6015,5999
23133,6029,6015,6015,6015,6015,6015,6015,6015,6015,6015,6015,6015,5999
23334,6029,6015,6015,6015,6015,6015,6015,6015,6015,6015,6015,6015,5999
23532,6029,6015,6015,6015,6015,6015,6015,6015,6015,6015,6015,6015,5999
23743,6029,6015,6015,6015,6015,6015,6015,6015,6015,6015,6015,6015,5999
23940,6030,6015,6015,6015,6015,6015,6015,6015,6015,6015,6015,6015,5999
24133,6030,6015,6015,6015,6015,6015,6015,6015,6015,6015,6015,6015,5999
24348,6030,6015,6015,6015,6015,6015,6015,6015,6015,6015,6015,6015,5999
24537,6030,6015,6015,6015,6015,6015,6015,6015,6015,6015,6015,6015,5999
24737,6030,6015,6015,6015,6015,6015,6015,6015,6015,6015,6015,6015,5999
24938,6030,6015,6015,6015,6015,6015,6015,6015,6015,6015,6015,6015,5999
25143,6030,6015,6015,6015,6015,6015,6015,6015,6015,6015,6015,6015,5999
25334,6029,6015,6015,6015,6015,6015,6015,6015,6015,6015,6015,6015,5999
25535,6029,6015,6015,6015,6015,6015,6015,6015,6015,6015,6015,6015,5999
25737,6029,6010,6010,6010,6010,6010,6010,6010,6010,6010,6010,6010,5999
25937,6029,6006,6006,6006,6006,6006,6006,6006,6006,6006,6006,6006,5999
26141,6029,6004,6004,6004,6004,6004,6004,6004,6004,6004,6004,6004,5999
26358,6029,6001,6001,6001,6001,6001,6001,6001,6001,6001,6001,6001,5999
26550,6029,5999,5999,5999,5999,5999,5999,5999,5999,5999,5999,5999,5999
26739,6029,5999,5999,5999,5999,5999,5999,5999,5999,5999,5999,5999,5999
26936,6029,5999,5999,5999,5999,5999,5999,5999,5999,5999,5999,5999,5999
27143,6030,5999,5999,5999,5999,5999,5999,5999,5999,5999,5999,5999,5999
27343,6030,5999,5999,5999,5999,5999,5999,5999,5999,5999,5999,5999,5999
27531,6030,5999,5999,5999,5999,5999,5999,5999,5999,5999,5999,5999,5999
27732,6030,5999,5999,5999,5999,5999,5999,5999,5999,5999,5999,5999,5999
27936,6030,5999,5999,5999,5999,5999,5999,5999,5999,5999,5999,5999,5999
28140,6030,5999,5999,5999,5999,5999,5999,5999,5999,5999,5999,5999,5999
28341,6030,5999,5999,5999,5999,5999,5999,5999,5999,5999,5999,5999,5999
28546,6030,5999,5999,5999,5999,5999,5999,5999,5999,5999,5999,5999,5999
28748,6029,5999,5999,5999,5999,5999,5999,5999,5999,5999,5999,5999,5999
28934,6029,5999,5999,5999,5999,5999,5999,5999,5999,5999,5999,5999,5999
29138,6029,5999,5999,5999,5999,5999,5999,5999,5999,5999,5999,5999,5999
29342,6029,5999,5999,5999,5999,5999,5999,5999,5999,5999,5999,5999,5999
29542,6029,6000,6000,6000,6000,6000,6000,6000,6000,6000,6000,6000,5999
29733,6029,5994,5994,5994,5994,5994,5994,5994,5994,5994,5994,5994,5999
29950,6029,5995,5995,5995,5995,5995,5995,5995,5995,5995,5995,5995,5999
30135,6029,5995,5995,5995,5995,5995,5995,5995,5995,5995,5995,5995,5999
30332,6029,5995,5995,5995,5995,5995,5995,5995,5995,5995,5995,5995,5999
30543,6030,5995,5995,5995,5995,5995,5995,5995,5995,5995,5995,5995,5999
30746,6030,5995,5995,5995,5995,5995,5995,5995,5995,5995,5995,5995,5999
30949,6030,5995,5995,5995,5995,5995,5995,5995,5995,5995,5995,5995,5999
31132,6030,5995,5995,5995,5995,5995,5995,5995,5995,5995,5995,5995,5999
31333,6030,5995,5995,5995,5995,5995,5995,5995,5995,5995,5995,5995,5999
31535,6030,5995,5995,5995,5995,5995,5995,5995,5995,5995,5995,5995,5999
31740,6030,5995,5995,5995,5995,5995,5995,5995,5995,5995,5995,5995,5999
31945,6029,5995,5995,5995,5995,5995,5995,5995,5995,5995,5995,5995,5999
32131,6029,5995,5995,5995,5995,5995,5995,5995,5995,5995,5995,5995,5999
32333,6029,5995,5995,5995,5995,5995,5995,5995,5995,5995,5995,5995,5999
32531,6029,5995,5995,5995,5995,5995,5995,5995,5995,5995,5995,5995,5999
32747,6029,5995,5995,5995,5995,5995,5995,5995,5995,5995,5995,5995,5999
32939,6029,5995,5995,5995,5995,5995,5995,5995,5995,5995,5995,5995,5999
33148,6029,5995,5995,5995,5995,5995,5995,5995,5995,5995,5995,5995,5999
33350,6029,5995,5995,5995,5995,5995,5995,5995,5995,5995,5995,5995,5999
33531,6029,5995,5995,5995,5995,5995,5995,5995,5995,5995,5995,5995,5999
33734,6029,6091,6094,6122,6123,6084,6084,6084,6084,6080,6080,6080,6000
33937,6030,6092,6094,6213,6213,6085,6085,6085,6085,6081,6081,6081,6000
34147,6030,6092,6094,6269,6269,6085,6085,6085,6085,6081,6081,6081,6000
34333,6030,6092,6094,6317,6317,6085,6085,6085,6085,6081,6081,6081,6000
34550,6030,6092,6094,6358,6358,6085,6085,6085,6085,6081,6081,6081,6000
34738,6030,6092,6094,6394,6395,6085,6085,6085,6085,6081,6081,6081,6000
34944,6030,6092,6094,6426,6426,6085,6085,6085,6085,6081,6081,6081,6000
35141,6030,6092,6094,6452,6452,6085,6085,6085,6085,6081,6081,6081,6000
35334,6029,6092,6094,6475,6475,6085,6085,6085,6085,6081,6081,6081,6000
35534,6029,6092,6094,6495,6496,6085,6085,6085,6085,6081,6081,6081,6000
35733,6029,6092,6094,6512,6512,6085,6085,6085,6085,6081,6081,6081,6000
35934,6029,6092,6094,6527,6527,6085,6085,6085,6085,6081,6081,6081,6000
36138,6029,6092,6094,6540,6540,6085,6085,6085,6085,6081,6081,6081,6000
36343,6029,6092,6094,6552,6552,6085,6085,6085,6085,6081,6081,6081,6000
36547,6029,6092,6094,6561,6561,6085,6085,6085,6085,6081,6081,6081,6000
36732,6029,6092,6094,6569,6569,6085,6085,6085,6085,6081,6081,6081,6000
36934,6029,6092,6094,6577,6577,6085,6085,6085,6085,6081,6081,6081,6000
37139,6030,6092,6094,6583,6583,6085,6085,6085,6085,6081,6081,6081,6000
37337,6030,6092,6094,6588,6588,6085,6085,6085,6085,6081,6081,6081,6000
37549,6030,6092,6094,6592,6592,6085,6085,6085,6085,6081,6081,6081,6000
37736,6030,5996,6094,6570,6561,6002,6002,6002,6002,6081,6081,6081,5999
37952,6030,5999,6094,6578,6442,6000,6000,6000,6000,6081,6081,6081,5999
38138,6030,5999,6094,6577,6442,5999,5999,5999,5999,6081,6081,6081,5999
38343,6030,5999,6094,6577,6442,5999,5999,5999,5999,6081,6081,6081,5999
38544,6030,5999,6094,6577,6442,5999,5999,5999,5999,6081,6081,6081,5999
38749,6029,5999,6094,6577,6442,5999,5999,5999,5999,6081,6081,6081,5999
38948,6029,5999,6094,6577,6442,5999,5999,5999,5999,6081,6081,6081,5999
39135,6029,5999,6094,6577,6442,5999,5999,5999,5999,6081,6081,6081,5999
39341,6029,5999,6094,6577,6442,5999,5999,5999,5999,6081,6081,6081,5999
39537,6029,5999,6094,6577,6442,5999,5999,5999,5999,6081,6081,6081,5999
39744,6029,5999,6094,6577,6442,5999,5999,5999,5999,6081,6081,6081,5999
39934,6029,5999,6094,6577,6442,5999,5999,5999,5999,6081,6081,6081,5999
40131,6029,5999,6094,6577,6442,5999,5999,5999,5999,6081,6081,6081,5999
40331,6029,5999,6094,6577,6442,5999,5999,5999,5999,6081,6081,6081,5999
40537,6030,5999,6094,6577,6442,5999,5999,5999,5999,6081,6081,6081,5999
40738,6030,5999,6094,6577,6442,5999,5999,5999,5999,6081,6081,6081,5999
40949,6030,5999,6094,6577,6442,5999,5999,5999,5999,6081,6081,6081,6000
41148,6030,5999,6094,6577,6442,5999,5999,5999,5999,6081,6081,6081,6000
41333,6030,5999,6094,6577,6442,5999,5999,5999,5999,6081,6081,6081,6000
41533,6030,5999,6087,6577,6442,5999,5999,5999,5999,6081,6081,6081,6000
41735,6030,5859,6129,6505,6378,5859,5859,5859,5859,6044,6043,6044,5859
41940,6030,5627,5889,6265,6138,5627,5627,5627,5627,5804,5803,5804,5628
42147,6029,5750,5750,6025,5898,5750,5750,5750,5750,5750,5750,5750,5750
42349,6029,5849,5850,5850,5849,5849,5849,5849,5849,5849,5849,5849,5849
42536,6029,6049,6051,6049,6049,6050,6050,6050,6050,6050,6050,6050,6045
42735,6029,6114,6114,6114,6114,6114,6114,6114,6114,6114,6114,6114,6114
42937,6029,6083,6083,6083,6083,6083,6083,6083,6083,6083,6083,6083,6083
43147,6029,6052,6052,6052,6052,6052,6052,6052,6052,6052,6052,6052,6052
43334,6029,6031,6031,6031,6031,6031,6031,6031,6031,6031,6031,6031,6031
43534,6029,6018,6018,6018,6018,6018,6018,6018,6018,6018,6018,6018,6018
43738,6030,6010,6010,6010,6010,6010,6010,6010,6010,6010,6010,6010,6010
43938,6030,6005,6005,6005,6005,6005,6005,6005,6005,6005,6005,6005,6005
44144,6030,6003,6003,6003,6003,6003,6003,6003,6003,6003,6003,6003,6003
44333,6030,6001,6001,6001,6001,6001,6001,6001,6001,6001,6001,6001,6001
44534,6030,6000,6000,6000,6000,6000,6000,6000,6000,6000,6000,6000,6000
44732,6030,6000,6000,6000,6000,6000,6000,6000,6000,6000,6000,6000,6000
44943,6030,6000,6000,6000,6000,6000,6000,6000,6000,6000,6000,6000,6000
45136,6030,5999,5999,5999,5999,5999,5999,5999,5999,5999,5999,5999,5999
45346,6030,5999,5999,5999,5999,5999,5999,5999,5999,5999,5999,5999,5999
45542,6029,5971,5971,5971,5971,5971,5971,5971,5971,5971,5971,5971,5969
45742,6029,5749,5749,5749,5749,5749,5749,5749,5749,5750,5750,5750,5749
45937,6029,5510,5510,5510,5510,5510,5510,5510,5510,5510,5510,5510,5510
46137,6029,5686,5686,5686,5686,5686,5686,5686,5686,5686,5686,5686,5686
46342,6029,5825,5825,5825,5825,5825,5825,5825,5825,5825,5825,5825,5824
46532,6029,5907,5907,5907,5907,5907,5907,5907,5907,5907,5907,5907,5907
46734,6029,5951,5951,5951,5951,5951,5951,5951,5951,5951,5951,5951,5951
46950,6029,5973,5973,5973,5973,5973,5973,5973,5973,5973,5973,5973,5973
47136,6030,5984,5984,5984,5984,5984,5984,5984,5984,5984,5984,5984,5984
47343,6030,5989,5989,5989,5989,5989,5989,5989,5989,5989,5989,5989,5989
47546,6030,5992,5992,5992,5992,5992,5992,5992,5992,5992,5992,5992,5992
47732,6030,5994,5994,5994,5994,5994,5994,5994,5994,5994,5994,5994,5994
47931,6030,5995,5995,5995,5995,5995,5995,5995,5995,5995,5995,5995,5995
48141,6030,5996,5996,5996,5996,5996,5996,5996,5996,5996,5996,5996,5996
48341,6030,5996,5996,5996,5996,5996,5996,5996,5996,5996,5996,5996,5996
48543,6030,5997,5997,5997,5997,5997,5997,5997,5997,5997,5997,5997,5997
48732,6029,5997,5997,5997,5997,5997,5997,5997,5997,5997,5997,5997,5997
48951,6029,5998,5998,5998,5998,5998,5998,5998,5998,5998,5998,5998,5998
49132,6029,5998,5998,5998,5998,5998,5998,5998,5998,5998,5998,5998,5998
49340,6029,5998,5998,5998,5998,5998,5998,5998,5998,5998,5998,5998,5998
49543,6029,5998,5998,5998,5998,5998,5998,5998,5998,5998,5998,5998,5998
49741,6029,5912,5912,5912,5912,5912,5912,5912,5912,5912,5912,5912,5914
49934,6029,5673,5673,5673,5673,5672,5672,5672,5672,5672,5672,5672,5674
50134,6029,5767,5767,5767,5767,5767,5767,5767,5767,5767,5767,5767,5767
50338,6030,5874,5874,5874,5874,5874,5874,5874,5874,5874,5874,5874,5874
50537,6030,5941,5941,5941,5941,5941,5941,5941,5941,5941,5941,5941,5941
50742,6030,5974,5974,5974,5974,5974,5974,5974,5974,5974,5974,5974,5974
50947,6030,5987,5987,5987,5987,5987,5987,5987,5987,5987,5987,5987,5987
51151,6030,5992,5992,5992,5992,5992,5992,5992,5992,5992,5992,5992,5992
51351,6030,5994,5994,5994,5994,5994,5994,5994,5994,5994,5994,5994,5994
51545,6030,5994,5994,5994,5994,5994,5994,5994,5994,5994,5994,5994,5994
51738,6030,5995,5995,5995,5995,5995,5995,5995,5995,5995,5995,5995,5995
51944,6030,5995,5995,5995,5995,5995,5995,5995,5995,5995,5995,5995,5995
52135,6029,5996,5996,5996,5996,5996,5996,5996,5996,5996,5996,5996,5996
52334,6029,5997,5997,5997,5997,5997,5997,5997,5997,5997,5997,5997,5997
52538,6029,5997,5997,5997,5997,5997,5997,5997,5997,5997,5997,5997,5997
52739,6029,5997,5997,5997,5997,5997,5997,5997,5997,5997,5997,5997,5997
52947,6029,5998,5998,5998,5998,5998,5998,5998,5998,5998,5998,5998,5998
53134,6029,5998,5998,5998,5998,5998,5998,5998,5998,5998,5998,5998,5998
53335,6029,5998,5998,5998,5998,5998,5998,5998,5998,5998,5998,5998,5998
53536,6029,5999,5999,5999,5999,5999,5999,5999,5999,5999,5999,5999,5999
53737,6030,5845,5845,5845,5845,5844,5844,5844,5844,5844,5844,5844,5845
53939,6030,5605,5605,5605,5605,5604,5604,5604,5604,5604,5604,5604,5605
54150,6030,5670,5670,5670,5670,5670,5670,5670,5670,5670,5670,5670,5669
54350,6030,5863,5863,5863,5863,5863,5863,5863,5863,5863,5863,5863,5863
54553,6030,5966,5966,5966,5966,5966,5966,5966,5966,5966,5966,5966,5966
54732,6030,6000,6000,6000,6000,6000,6000,6000,6000,6000,6000,6000,6000
54942,6030,6003,6003,6003,6003,6003,6003,6003,6003,6003,6003,6003,6002
55139,6030,5996,5996,5996,5996,5996,5996,5996,5996,5996,5996,5996,5996
55349,6030,5991,5991,5991,5991,5991,5991,5991,5991,5991,5991,5991,5991
55533,6029,5989,5989,5989,5989,5989,5989,5989,5989,5989,5989,5989,5989
55737,6029,5990,5990,5990,5990,5990,5990,5990,5990,5990,5990,5990,5990
55938,6029,5991,5991,5991,5991,5991,5991,5991,5991,5991,5991,5991,5991
56135,6029,5993,5993,5993,5993,5993,5993,5993,5993,5993,5993,5993,5993
56338,6029,5994,5994,5994,5994,5994,5994,5994,5994,5994,5994,5994,5994
56546,6029,5995,5995,5995,5995,5995,5995,5995,5995,5995,5995,5995,5995
56734,6029,5996,5996,5996,5996,5996,5996,5996,5996,5996,5996,5996,5996
56935,6030,5997,5997,5997,5997,5997,5997,5997,5997,5997,5997,5997,5997
57139,6030,5997,5997,5997,5997,5997,5997,5997,5997,5997,5997,5997,5997
57342,6030,5997,5997,5997,5997,5997,5997,5997,5997,5997,5997,5997,5997
57546,6030,5998,5998,5998,5998,5998,5998,5998,5998,5998,5998,5998,5998
57748,6030,5855,5855,5855,5855,5855,5855,5855,5855,5855,5855,5855,5862
57935,6030,5646,5646,5646,5646,5646,5646,5646,5646,5645,5645,5645,5647
58141,6030,5774,5774,5774,5774,5774,5774,5774,5774,5774,5774,5774,5774
58336,6030,5914,5914,5914,5914,5914,5914,5914,5914,5914,5914,5914,5914
58547,6030,5993,5993,5993,5993,5993,5993,5993,5993,5993,5993,5993,5993
58746,6030,6016,6016,6016,6016,6016,6016,6016,6016,6016,6016,6016,6015
58951,6029,6010,6010,6010,6010,6010,6010,6010,6010,6010,6010,6010,6010
59134,6029,5999,5999,5999,5999,5999,5999,5999,5999,5999,5999,5999,5999
59337,6029,5992,5992,5992,5992,5992,5992,5992,5992,5992,5992,5992,5992
59543,6029,5990,5990,5990,5990,5990,5990,5990,5990,5990,5990,5990,5990
59743,6029,5991,5991,5991,5991,5991,5991,5991,5991,5991,5991,5991,5991
59935,6029,5993,5993,5993,5993,5993,5993,5993,5993,5993,5993,5993,5993
60149,6030,5995,5995,5995,5995,5995,5995,5995,5995,5995,5995,5995,5995
60382,6030,5996,5996,5996,5996,5996,5996,5996,5996,5996,5996,5996,5996
60722,6030,5997,5997,5997,5997,5997,5997,5997,5997,5997,5997,5997,5997
60972,6030,5997,5997,5997,5997,5997,5997,5997,5997,5997,5997,5997,5997
61223,6030,5997,5997,5997,5997,5997,5997,5997,5997,5997,5997,5997,5997
61461,6030,5998,5998,5998,5998,5998,5998,5998,5998,5998,5998,5998,5998
61667,6030,5998,5998,5998,5998,5998,5998,5998,5998,5998,5998,5998,5998
61889,6030,5998,5998,5998,5998,5998,5998,5998,5998,5998,5998,5998,5998
62092,6030,5998,5998,5998,5998,5998,5998,5998,5998,5998,5998,5998,5998
62112,6030,5999,5999,5999,5999,5999,5999,5999,5999,5999,5999,5999,5999
62280,6030,5999,5999,5999,5999,5999,5999,5999,5999,5999,5999,5999,5999
62495,6029,5999,5999,5999,5999,5999,5999,5999,5999,5999,5999,5999,5999
62570,6029,5999,5999,5999,5999,5999,5999,5999,5999,5999,5999,5999,5999
62737,6029,5999,5999,5999,5999,5999,5999,5999,5999,5999,5999,5999,5999
62942,6029,5999,5999,5999,5999,5999,5999,5999,5999,5999,5999,5999,5999
63147,6029,6004,6004,6004,6004,6004,6004,6004,6004,6004,6004,6004,6004
63334,6029,6244,6244,6244,6244,6245,6245,6245,6245,6245,6245,6245,6244
63550,6030,6484,6484,6484,6484,6485,6485,6485,6485,6485,6485,6485,6484
63739,6030,6473,6473,6473,6473,6473,6473,6473,6474,6474,6474,6474,6473
63943,6030,6559,6559,6559,6559,6559,6559,6559,6559,6559,6559,6559,6557
64140,6030,6408,6408,6408,6408,6408,6408,6408,6408,6408,6408,6408,6408
64334,6030,6257,6257,6257,6257,6257,6257,6257,6257,6257,6257,6257,6257
64532,6030,6154,6154,6154,6154,6154,6154,6154,6154,6154,6154,6154,6154
64735,6030,6091,6091,6091,6091,6091,6091,6091,6091,6091,6091,6091,6091
64935,6030,6055,6055,6055,6055,6055,6055,6055,6055,6055,6055,6055,6056
65145,6030,6035,6035,6035,6035,6035,6035,6035,6035,6035,6035,6035,6035
65349,6030,6024,6024,6024,6024,6024,6024,6024,6024,6024,6024,6024,6024
65535,6030,6017,6017,6017,6017,6017,6017,6017,6017,6017,6017,6017,6017
65735,6029,6013,6013,6013,6013,6013,6013,6013,6013,6013,6013,6013,6013
65941,6029,6010,6010,6010,6010,6010,6010,6010,6010,6010,6010,6010,6010
66285,6029,6008,6008,6008,6008,6008,6008,6008,6008,6008,6008,6008,6008
66623,6029,6006,6006,6006,6006,6006,6006,6006,6006,6006,6006,6006,6006
66870,6029,6005,6005,6005,6005,6005,6005,6005,6005,6005,6005,6005,6005
66884,6029,6004,6004,6004,6004,6004,6004,6004,6004,6004,6004,6004,6004
66970,6030,6003,6003,6003,6003,6003,6003,6003,6003,6003,6003,6003,6003
67141,6030,6003,6003,6003,6003,6003,6003,6003,6003,6003,6003,6003,6003
67344,6030,6002,6002,6002,6002,6002,6002,6002,6002,6002,6002,6002,6002
67538,6030,6002,6002,6002,6002,6002,6002,6002,6002,6002,6002,6002,6002
67739,6030,6001,6001,6001,6001,6001,6001,6001,6001,6001,6001,6001,6001
67936,6030,6002,6002,6002,6002,6002,6002,6002,6002,6002,6002,6002,6002
68137,6030,6103,6103,6103,6103,6103,6103,6103,6103,6103,6103,6103,6102
68339,6030,6101,6101,6101,6101,6101,6101,6101,6101,6101,6101,6101,6100
68542,6030,6066,6066,6066,6066,6066,6066,6066,6066,6066,6066,6066,6066
68745,6030,6038,6038,6038,6038,6038,6038,6038,6038,6038,6038,6038,6038
68937,6030,6020,6020,6020,6020,6020,6020,6020,6020,6020,6020,6020,6020
69132,6029,6010,6010,6010,6010,6010,6010,6010,6010,6010,6010,6010,6010
69338,6029,6004,6004,6004,6004,6004,6004,6004,6004,6004,6004,6004,6004
69540,6029,6001,6001,6001,6001,6001,6001,6001,6001,6001,6001,6001,6001
69739,6029,6000,6000,6000,6000,6000,6000,6000,6000,6000,6000,6000,6000
69950,6029,5999,5999,5999,5999,5999,5999,5999,5999,5999,5999,5999,5999
70141,6030,5999,5999,5999,5999,5999,5999,5999,5999,5999,5999,5999,5999
70339,6030,5999,5999,5999,5999,5999,5999,5999,5999,5999,5999,5999,5999
70540,6030,5999,5999,5999,5999,5999,5999,5999,5999,5999,5999,5999,5999
70742,6030,5999,5999,5999,5999,5999,5999,5999,5999,5999,5999,5999,5999
70951,6030,5999,5999,5999,5999,5999,5999,5999,5999,5999,5999,5999,5999
71149,6030,5999,5999,5999,5999,5999,5999,5999,5999,5999,5999,5999,5999
71351,6030,5999,5999,5999,5999,5999,5999,5999,5999,5999,5999,5999,5999
71551,6030,5999,5999,5999,5999,5999,5999,5999,5999,5999,5999,5999,5999
71738,6030,5999,5999,5999,5999,5999,5999,5999,5999,5999,5999,5999,5999
71938,6030,5999,5999,5999,5999,5999,5999,5999,5999,5999,5999,5999,5999
72156,6030,5999,5999,5999,5999,5999,5999,5999,5999,5999,5999,5999,5999
72348,6030,5999,5999,5999,5999,5999,5999,5999,5999,5999,5999,5999,5999
72536,6029,5840,5840,5840,5840,5840,5840,5840,5840,5840,5840,5840,5840
72736,6029,5623,5623,5623,5623,5623,5623,5623,5623,5623,5623,5623,5623
72946,6029,5502,5502,5502,5502,5502,5502,5502,5502,5502,5502,5502,5504
73132,6029,5643,5643,5643,5643,5643,5643,5643,5643,5643,5643,5643,5643
73349,6030,5799,5799,5799,5799,5799,5799,5799,5799,5799,5799,5799,5799
73549,6030,5900,5900,5900,5900,5900,5900,5900,5900,5900,5900,5900,5900
73733,6030,5953,5953,5953,5953,5953,5953,5953,5953,5953,5953,5953,5952
73939,6030,5977,5977,5977,5977,5977,5977,5977,5977,5977,5977,5977,5977
74145,6030,5988,5988,5988,5988,5988,5988,5988,5988,5988,5988,5988,5988
74345,6030,5992,5992,5992,5992,5992,5992,5992,5992,5992,5992,5992,5992
74535,6030,5994,5994,5994,5994,5994,5994,5994,5994,5994,5994,5994,5994
74740,6030,5995,5995,5995,5995,5995,5995,5995,5995,5995,5995,5995,5995
74936,6030,5996,5996,5996,5996,5996,5996,5996,5996,5996,5996,5996,5996
75138,6030,5996,5996,5996,5996,5996,5996,5996,5996,5996,5996,5996,5996
75342,6030,5997,5997,5997,5997,5997,5997,5997,5997,5997,5997,5997,5997
75548,6030,5997,5997,5997,5997,5997,5997,5997,5997,5997,5997,5997,5997
75733,6028,6028,6028,6028,6028,6028,6028,6028,6028,6028,6028,6028,6029
75939,6030,6030,6030,6030,6030,6031,6031,6031,6031,6031,6031,6031,6030
76140,6028,6028,6028,6028,6028,6028,6028,6028,6028,6028,6028,6028,6028
76338,6029,6029,6029,6029,6029,6029,6029,6029,6029,6029,6029,6029,6029
76540,6029,6029,6029,6029,6029,6029,6029,6029,6029,6029,6029,6029,6029
76747,6030,6030,6030,6030,6030,6030,6030,6030,6030,6030,6030,6030,6030
76948,6030,6030,6030,6030,6030,6030,6030,6030,6030,6030,6030,6030,6030
77133,6030,6030,6030,6030,6030,6030,6030,6030,6030,6030,6030,6030,6030
77344,6030,6030,6030,6030,6030,6030,6030,6030,6030,6030,6030,6030,6030
77545,6030,6030,6030,6030,6030,6030,6030,6030,6030,6030,6030,6030,6030
77734,6030,6030,6030,6030,6030,6030,6030,6030,6030,6030,6030,6030,6030
77933,6030,6030,6030,6030,6030,6030,6030,6030,6030,6030,6030,6030,6030
78151,6030,6030,6030,6030,6030,6030,6030,6030,6030,6030,6030,6030,6030
78340,6029,6029,6029,6029,6029,6029,6029,6029,6029,6029,6029,6029,6029
78544,6029,6029,6029,6029,6029,6029,6029,6029,6029,6029,6029,6029,6029
78744,6029,6029,6029,6029,6029,6029,6029,6029,6029,6029,6029,6029,6029
78935,6029,6029,6029,6029,6029,6029,6029,6029,6029,6029,6029,6029,6029
79137,6029,6029,6029,6029,6029,6029,6029,6029,6029,6029,6029,6029,6029
79332,6029,6029,6029,6029,6029,6029,6029,6029,6029,6029,6029,6029,6029
79542,6029,6029,6029,6029,6029,6029,6029,6029,6029,6029,6029,6029,6029
79742,6029,6029,6029,6029,6029,6029,6029,6029,6029,6029,6029,6029,6029
79947,6029,6030,6030,6030,6030,6030,6030,6030,6029,6030,6030,6030,6030
80132,6030,6030,6030,6030,6030,6030,6030,6030,6030,6030,6030,6030,6030
80340,6027,6027,6027,6027,6027,6027,6027,6027,6027,6027,6027,6027,6027
80542,6031,6032,6032,6032,6032,6032,6032,6032,6032,6032,6032,6032,6031
80742,6030,6030,6030,6030,6030,6030,6030,6030,6030,6030,6030,6030,6030
80948,6030,6030,6030,6030,6030,6030,6030,6030,6030,6030,6030,6030,6030
81150,6030,6029,6029,6029,6029,6029,6029,6029,6029,6029,6029,6029,6029
81338,6029,6029,6029,6029,6029,6029,6029,6029,6029,6029,6029,6029,6029
81537,6029,6029,6029,6029,6029,6029,6029,6029,6029,6029,6029,6029,6029
81737,6029,6029,6029,6029,6029,6029,6029,6029,6029,6029,6029,6029,6029
81940,6029,6029,6029,6029,6029,6029,6029,6029,6029,6029,6029,6029,6029
82149,6029,6029,6029,6029,6029,6029,6029,6029,6029,6029,6029,6029,6029
82335,6029,6029,6029,6029,6029,6029,6029,6029,6029,6029,6029,6029,6029
82540,6029,6029,6029,6029,6029,6029,6029,6029,6029,6029,6029,6029,6029
82736,6029,6029,6029,6029,6029,6029,6029,6029,6029,6029,6029,6029,6029
82937,6030,6030,6030,6030,6030,6030,6030,6030,6030,6030,6030,6030,6030
83145,6030,6030,6030,6030,6030,6030,6030,6030,6030,6030,6030,6030,6030
83349,6030,6030,6030,6030,6030,6030,6030,6030,6030,6030,6030,6030,6030
83536,6030,6030,6030,6030,6030,6030,6030,6030,6030,6030,6030,6030,6030
83735,6030,6030,6030,6030,6030,6030,6030,6030,6030,6030,6030,6030,6030
83941,6030,6030,6030,6030,6030,6030,6030,6030,6030,6030,6030,6030,6030
84138,6030,6031,6031,6031,6031,6030,6030,6030,6030,6030,6030,6030,6031
84353,6031,6032,6032,6032,6032,6031,6031,6031,6031,6031,6031,6031,6031
84547,6031,6032,6032,6032,6032,6031,6031,6031,6031,6031,6031,6031,6031
84741,6031,6032,6032,6032,6032,6031,6031,6031,6031,6031,6031,6031,6031
84937,6031,6032,6032,6032,6032,6031,6031,6031,6031,6031,6031,6031,6031
85143,6029,6030,6030,6030,6030,6030,6030,6030,6030,6030,6030,6030,6030
85339,6030,6030,6030,6030,6030,6030,6030,6030,6030,6030,6030,6030,6030
85550,6030,6030,6030,6030,6030,6030,6030,6030,6030,6030,6030,6030,6029
85734,6029,6029,6029,6029,6029,6029,6029,6029,6029,6029,6029,6029,6029
85940,6030,6030,6029,6029,6029,6030,6030,6030,6030,6030,6030,6030,6030
86140,6030,6030,6030,6030,6030,6030,6030,6030,6030,6030,6030,6030,6030
86344,6030,6030,6030,6030,6030,6030,6030,6030,6030,6030,6030,6030,6030
86542,6030,6030,6030,6030,6030,6030,6030,6030,6030,6030,6030,6030,6030
86748,6030,6030,6030,6030,6030,6030,6030,6030,6030,6030,6030,6030,6030
86953,6030,6030,6030,6030,6030,6030,6030,6030,6030,6030,6030,6030,6030
87141,6030,6030,6030,6030,6030,6030,6030,6030,6030,6030,6030,6030,6030
87345,6030,6030,6030,6030,6030,6030,6030,6030,6030,6030,6030,6030,6030
87543,6030,6030,6030,6030,6030,6030,6030,6030,6030,6030,6030,6030,6030
87747,6030,6030,6029,6029,6029,6030,6030,6030,6029,6030,6030,6030,6030
87933,6029,6030,6030,6030,6030,6029,6029,6029,6029,6029,6029,6029,6030
88153,6029,6030,6030,6030,6030,6029,6029,6029,6029,6029,6029,6029,6030
88337,6029,6030,6030,6030,6030,6029,6029,6029,6029,6029,6029,6029,6030
88545,6016,6016,6016,6016,6016,6016,6016,6016,6016,6016,6016,6016,6017
88744,6019,6017,6017,6044,6017,6018,6018,6018,6018,6018,6018,6018,6018
88950,6030,6029,6029,6044,6029,6030,6030,6030,6030,6030,6030,6030,6031
89136,6032,6032,6032,6044,6032,6032,6032,6032,6032,6032,6032,6032,6031
89341,6027,6027,6027,6044,6027,6027,6027,6027,6027,6027,6027,6027,6027
89538,6027,6027,6027,6044,6027,6027,6027,6027,6027,6027,6027,6027,6028
89747,6029,6028,6028,6044,6028,6029,6029,6029,6029,6029,6029,6029,6029
89942,6028,6028,6028,6044,6028,6028,6028,6028,6028,6028,6028,6028,6028
90137,6028,6027,6027,6044,6027,6028,6028,6028,6028,6028,6028,6028,6028
90335,6029,6029,6029,6044,6029,6029,6029,6029,6029,6029,6029,6029,6030
90538,6030,6030,6030,6044,6030,6030,6030,6030,6030,6030,6030,6030,6030
90751,6029,6029,6029,6044,6029,6029,6029,6029,6029,6029,6029,6029,6029
90945,6029,6029,6029,6044,6029,6029,6029,6029,6029,6029,6029,6029,6029
91148,6030,6030,6030,6044,6030,6030,6030,6030,6030,6030,6030,6030,6030
91345,6030,6030,6030,6044,6030,6030,6030,6030,6030,6030,6030,6030,6030
91533,6030,6030,6030,6044,6030,6030,6030,6030,6030,6030,6030,6030,6030
91740,6030,6030,6030,6044,6030,6030,6030,6030,6030,6030,6030,6030,6030
91946,6030,6030,6030,6044,6030,6030,6030,6030,6030,6030,6030,6030,6030
92145,6030,6030,6030,6044,6030,6030,6030,6030,6030,6030,6030,6030,6030
92350,6029,6029,6029,6046,6029,6029,6029,6029,6029,6029,6029,6029,6029
92534,6029,6029,6029,6029,6029,6029,6029,6029,6029,6029,6029,6029,6029
92740,6030,6030,6030,6030,6030,6030,6030,6030,6030,6030,6030,6030,6030
92957,6030,6030,6030,6030,6030,6030,6030,6030,6030,6030,6030,6030,6030
93147,6028,6028,6028,6028,6028,6028,6028,6028,6028,6028,6028,6028,6028
93333,6028,6028,6028,6028,6028,6028,6028,6028,6028,6028,6028,6028,6028
93545,6028,6028,6028,6028,6028,6028,6028,6028,6028,6028,6028,6028,6028
93732,6028,6028,6028,6028,6028,6028,6028,6028,6028,6028,6028,6028,6028
93941,6028,6028,6028,6028,6028,6028,6028,6028,6028,6028,6028,6028,6028
94144,6028,6028,6028,6028,6028,6028,6028,6028,6028,6028,6028,6028,6028
94349,6028,6028,6028,6028,6028,6028,6028,6028,6028,6028,6028,6028,6028
94547,6028,6028,6028,6028,6028,6028,6028,6028,6028,6028,6028,6028,6028
94736,6028,6028,6028,6028,6028,6028,6028,6028,6028,6028,6028,6028,6028
94938,6028,6028,6028,6028,6028,6028,6028,6028,6028,6028,6028,6028,6028
95137,6028,6028,6028,6028,6028,6028,6028,6028,6028,6028,6028,6028,6028
95344,6028,6028,6028,6028,6028,6028,6028,6028,6028,6028,6028,6028,6028
95551,6028,6028,6028,6028,6028,6028,6028,6028,6028,6028,6028,6028,6028
95748,6030,6030,6030,6030,6030,6030,6030,6030,6030,6030,6030,6030,6030
95940,6029,6029,6029,6029,6029,6029,6029,6029,6029,6029,6029,6029,6029
96135,6030,6030,6030,6030,6030,6030,6030,6030,6030,6030,6030,6030,6030
96346,6030,6030,6030,6030,6030,6030,6030,6030,6030,6030,6030,6030,6030
96541,6031,6031,6031,6031,6031,6030,6030,6030,6030,6030,6030,6030,5902
96752,6031,6031,6031,6031,6031,6031,6031,6031,6031,6031,6031,6031,5662
96931,6031,6031,6031,6031,6031,6031,6031,6031,6031,6031,6031,6031,5422
97140,6031,6031,6031,6031,6031,6031,6031,6031,6031,6031,6031,6031,5182
97336,6031,6031,6031,6031,6031,6031,6031,6031,6031,6031,6031,6031,4942
97547,6029,6029,6029,6029,6029,6029,6029,6029,6029,6029,6029,6029,4702
97732,6030,6030,6030,6030,6030,6030,6030,6030,6030,6030,6030,6030,4462
97951,6030,6030,6030,6030,6030,6030,6030,6030,6030,6030,6030,6030,4222
98238,6030,6030,6030,6030,6030,6030,6030,6030,6030,6030,6030,6030,3982
98404,6030,6030,6030,6030,6030,6030,6030,6030,6030,6030,6030,6030,3742
98564,6026,6025,6012,6011,6012,6026,6026,6026,6026,6026,6026,6026,3502
98751,6029,6029,6096,6096,6097,6029,6029,6029,6029,6029,6029,6029,3262
98934,6029,6029,6166,6166,6166,6029,6029,6029,6029,6029,6029,6029,3022
99134,6030,6029,6226,6225,6226,6029,6029,6029,6030,6029,6029,6029,2782
99341,6030,6029,6278,6277,6278,6029,6029,6029,6029,6029,6029,6029,2542
99548,6030,6029,6322,6322,6323,6029,6029,6029,6029,6029,6029,6029,2302
99749,6030,6029,6361,6361,6362,6029,6029,6029,6029,6029,6029,6029,2062
99945,6029,6030,6395,6395,6395,6030,6030,6030,6029,6030,6030,6030,1822
1.0021e+005,6029,6030,6423,6423,6423,6030,6030,6030,6030,6030,6030,6030,1582
1.0039e+005,6029,6030,6448,6448,6448,6030,6030,6030,6030,6030,6030,6030,1342
1.0055e+005,6029,6030,6469,6469,6469,6030,6030,6030,6030,6030,6030,6030,1102
1.0075e+005,6030,6030,6487,6487,6488,6030,6030,6030,6030,6030,6030,6030,901
1.0095e+005,6030,6030,6503,6503,6503,6030,6030,6030,6030,6030,6030,6030,900
1.0115e+005,6030,6030,6517,6517,6517,6030,6030,6030,6029,6030,6030,6030,900
1.0134e+005,6030,6030,6528,6528,6529,6030,6030,6030,6030,6030,6030,6030,900
1.0154e+005,6030,6030,6536,6536,6536,6030,6030,6030,6030,6030,6030,6030,900
1.0174e+005,6029,6029,6536,6536,6536,6029,6029,6029,6029,6029,6029,6029,900
1.0195e+005,6029,6029,6566,6566,6566,6029,6029,6029,6030,6029,6029,6029,900
1.0213e+005,6029,6029,6573,6572,6572,6029,6029,6029,6030,6029,6029,6029,900
1.0235e+005,6029,6029,6578,6577,6578,6029,6029,6029,6030,6029,6029,6029,900
1.0254e+005,6030,6029,6578,6578,6578,6029,6029,6029,6030,6029,6029,6029,900
1.0273e+005,6030,6030,6578,6567,6483,6030,6030,6030,6030,6030,6030,6030,900
1.0294e+005,6030,6030,6338,6327,6243,6030,6030,6030,6030,6030,6030,6030,900
1.0314e+005,6030,6029,6098,6087,6029,6029,6029,6029,6029,6029,6029,6029,900
1.0334e+005,6029,6030,6029,6029,6030,6030,6030,6030,6029,6030,6030,6030,900
1.0355e+005,6032,6033,6033,6033,6033,6032,6032,6032,6032,6032,6032,6032,900
1.0374e+005,6032,6033,6033,6033,6033,6032,6032,6032,6032,6032,6032,6032,900
1.0394e+005,6032,6033,6033,6033,6033,6032,6032,6032,6032,6032,6032,6032,900
1.0414e+005,6031,6031,6031,6031,6031,6031,6031,6031,6031,6031,6031,6031,900
1.0434e+005,6029,6029,6029,6029,6029,6029,6029,6029,6029,6029,6029,6029,900
1.0454e+005,6029,6029,6029,6029,6029,6029,6029,6029,6029,6029,6029,6029,900
1.0474e+005,6029,6029,6029,6029,6029,6029,6029,6029,6029,6029,6029,6029,900
1.0493e+005,6029,6029,6029,6029,6029,6029,6029,6029,6029,6029,6029,6029,900
1.0514e+005,6029,6029,6029,6029,6029,6029,6029,6029,6029,6029,6029,6029,900
1.0534e+005,6029,6029,6029,6029,6029,6029,6029,6029,6029,6029,6029,6029,900
1.0555e+005,6029,6029,6029,6029,6029,6029,6029,6029,6029,6029,6029,6029,998
1.0573e+005,6030,6030,6030,6030,6030,6030,6030,6030,6030,6030,6030,6030,1238
1.0593e+005,6030,6030,6030,6030,6030,6030,6030,6030,6030,6030,6030,6030,1478
1.0614e+005,6030,6030,6030,6030,6030,6030,6030,6030,6030,6030,6030,6030,1718
1.0634e+005,6030,6030,6030,6030,6030,6030,6030,6030,6030,6030,6030,6030,1958
1.0654e+005,6030,6029,6029,6029,6029,6030,6030,6030,6030,6030,6030,6030,2198
1.0675e+005,6029,6029,6029,6029,6029,6029,6029,6029,6029,6030,6030,6030,2438
1.0695e+005,6030,6030,6030,6030,6030,6030,6030,6030,6030,6030,6030,6030,2678
1.0715e+005,6030,6030,6030,6030,6030,6030,6030,6030,6030,6030,6030,6030,2918
1.0734e+005,6029,6029,6029,6029,6029,6029,6029,6029,6030,6030,6030,6030,3158
1.0755e+005,6029,6029,6029,6029,6029,6029,6029,6029,6029,6029,6029,6029,3398
1.0775e+005,6029,6029,6029,6029,6029,6029,6029,6029,6029,6029,6029,6029,3638
1.0795e+005,6029,6029,6029,6029,6029,6029,6029,6029,6029,6029,6029,6029,3878
1.0814e+005,6029,6029,6029,6029,6029,6029,6029,6029,6029,6029,6029,6029,4118
1.0834e+005,6029,6029,6029,6029,6029,6029,6029,6029,6029,6029,6029,6029,4358
1.0855e+005,6029,6029,6029,6029,6029,6029,6029,6029,6029,6029,6029,6029,4598
1.0873e+005,6029,6029,6029,6029,6029,6029,6029,6029,6029,6029,6029,6029,4838
1.0895e+005,6029,6029,6029,6029,6029,6029,6029,6029,6029,6029,6029,6029,5078
1.0914e+005,6029,6029,6029,6029,6029,6029,6029,6029,6029,6029,6029,6029,5318
1.0934e+005,6029,6029,6029,6029,6029,6029,6029,6029,6029,6029,6029,6029,5558
1.0954e+005,6029,6028,6023,6028,6028,6028,6028,6028,6028,6029,6029,6029,5798
1.0974e+005,6028,6028,6023,6028,6028,6028,6028,6028,6028,6028,6028,6028,6038
1.0995e+005,6030,6030,6023,6030,6030,6030,6030,6030,6030,6030,6030,6030,6278
1.1015e+005,6029,6029,6023,6029,6029,6029,6029,6029,6029,6030,6030,6030,6518
1.1035e+005,6029,6030,6023,6030,6030,6030,6030,6030,6030,6030,6030,6030,6758
1.1053e+005,6030,6030,6023,6030,6030,6030,6030,6030,6030,6030,6030,6030,6900
1.1074e+005,6030,6030,6023,6030,6030,6030,6030,6030,6030,6030,6030,6030,6899
1.1094e+005,6030,6030,6023,6030,6030,6030,6030,6030,6030,6030,6030,6030,6899
1.1115e+005,6030,6030,6023,6029,6030,6030,6030,6030,6029,6030,6030,6030,6899
1.1135e+005,6030,6030,6023,6029,6030,6030,6030,6030,6029,6030,6030,6030,6899
1.1154e+005,6029,6030,6023,6029,6030,6030,6030,6030,6029,6030,6030,6030,6899
1.1174e+005,6029,6029,6023,6030,6030,6029,6029,6029,6029,6029,6029,6029,6899
1.1194e+005,6029,6029,6023,6030,6029,6029,6029,6029,6030,6029,6029,6029,6899
1.1214e+005,6029,6029,6023,6030,6029,6029,6029,6029,6030,6029,6029,6029,6899
1.1235e+005,6029,6029,6023,6029,6029,6029,6029,6029,6030,6029,6029,6029,6899
1.1254e+005,6030,6029,6023,6029,6029,6029,6029,6029,6030,6029,6029,6029,6899
1.1274e+005,6030,6029,6023,6029,6029,6029,6029,6029,6029,6029,6029,6029,6899
1.1294e+005,6030,6030,6023,6029,6029,6029,6029,6029,6029,6029,6029,6029,6899
1.1315e+005,6029,6029,6023,6029,6029,6029,6029,6029,6029,6029,6029,6029,6899
1.1334e+005,6029,6029,6023,6029,6029,6029,6029,6029,6029,6029,6029,6029,6899
1.1354e+005,6028,6028,6023,6028,6028,6028,6028,6028,6028,6028,6028,6028,6899
1.1374e+005,6030,6030,6023,6030,6030,6030,6030,6030,6030,6030,6030,6030,6899
1.1394e+005,6029,6030,6023,6030,6030,6030,6030,6030,6030,6030,6030,6030,6899
1.1414e+005,6030,6030,6023,6030,6030,6030,6030,6030,6030,6030,6030,6030,6899
1.1434e+005,6030,6030,6023,6030,6030,6030,6030,6030,6029,6030,6030,6030,6899
1.1454e+005,6030,6030,6023,6030,6030,6030,6030,6030,6029,6030,6030,6030,6899
1.1474e+005,6030,6030,6023,6030,6030,6030,6030,6030,6029,6030,6030,6030,6899
1.1493e+005,6029,6029,6023,6029,6029,6029,6029,6029,6029,6029,6029,6029,6899
1.1514e+005,6029,6029,6023,6029,6029,6029,6029,6029,6029,6029,6029,6029,6899
1.1535e+005,6029,6029,6023,6029,6029,6029,6029,6029,6030,6029,6029,6029,6899
1.1555e+005,6029,6029,6023,6029,6029,6029,6029,6029,6030,6029,6029,6029,6899
1.1574e+005,6030,6029,6023,6029,6029,6029,6029,6029,6030,6029,6029,6029,6899
1.1594e+005,6030,6029,6023,6029,6029,6029,6029,6029,6030,6029,6029,6029,6899
1.1614e+005,6030,6029,6023,6029,6029,6029,6029,6029,6029,6029,6029,6029,6899
1.1634e+005,6030,6029,6023,6029,6029,6029,6029,6029,6029,6029,6029,6029,6899
1.1654e+005,6029,6029,6023,6030,6029,6029,6029,6029,6029,6030,6030,6030,6899
1.1675e+005,6029,6030,6023,6030,6030,6030,6030,6030,6029,6030,6030,6030,6899
1.1694e+005,6029,6030,6023,6030,6030,6030,6030,6030,6030,6030,6030,6030,6899
1.1713e+005,6029,6030,6023,6030,6030,6030,6030,6030,6030,6030,6030,6030,6899
1.1734e+005,6030,6030,6023,6030,6030,6030,6030,6030,6030,6030,6030,6030,6899
1.1754e+005,6012,6010,5993,6010,6010,6010,6010,6010,6010,6010,6010,6010,6812
1.1775e+005,6030,6027,6020,6027,6027,6028,6028,6028,6028,6028,6028,6028,6572
1.1795e+005,6032,6031,6029,6031,6031,6032,6032,6032,6032,6031,6031,6031,6332
1.1815e+005,6024,6025,6025,6025,6025,6026,6026,6026,6026,6026,6026,6026,6092
1.1834e+005,6024,6022,6022,6022,6022,6023,6023,6023,6023,6022,6022,6022,6029
1.1854e+005,6034,6034,6034,6034,6034,6034,6034,6034,6034,6034,6034,6034,6034
1.1874e+005,6027,6027,6027,6027,6027,6027,6027,6027,6027,6027,6027,6027,6026
1.1894e+005,6027,6027,6027,6027,6027,6027,6027,6027,6027,6027,6027,6027,6027
1.1915e+005,6028,6028,6028,6028,6028,6028,6028,6028,6028,6028,6028,6028,6028
1.1934e+005,6028,6028,6028,6028,6028,6028,6028,6028,6028,6028,6028,6028,6028
1.1954e+005,6028,6028,6028,6028,6028,6028,6028,6028,6028,6028,6028,6028,6028
1.1974e+005,6028,6028,6028,6028,6028,6028,6028,6028,6028,6028,6028,6028,6028
1.1995e+005,6028,6028,6028,6028,6028,6028,6028,6028,6028,6028,6028,6028,6028
1.2013e+005,6028,6028,6028,6028,6028,6028,6028,6028,6028,6028,6028,6028,6028
1.2033e+005,6028,6028,6028,6028,6028,6028,6028,6028,6028,6028,6028,6028,6028
1.2054e+005,6028,6028,6028,6028,6028,6028,6028,6028,6028,6028,6028,6028,6028
1.2074e+005,6028,6028,6028,6028,6028,6028,6028,6028,6028,6028,6028,6028,6028
1.2094e+005,6028,6028,6028,6028,6028,6028,6028,6028,6028,6028,6028,6028,6028
1.2113e+005,6028,6027,6027,6027,6027,6028,6028,6028,6028,6028,6028,6028,6028
1.2135e+005,6030,6030,6030,6030,6030,6030,6030,6030,6030,6030,6030,6030,6029
1.2154e+005,6028,6028,6028,6028,6028,6028,6028,6028,6028,6028,6028,6028,6029
1.2174e+005,6031,6031,6031,6031,6031,6031,6031,6031,6031,6031,6031,6031,6031
1.2194e+005,6030,6030,6030,6030,6030,6030,6030,6030,6030,6030,6030,6030,6030
1.2214e+005,6029,6029,6029,6029,6029,6029,6029,6029,6029,6029,6029,6029,6029
1.2235e+005,6029,6029,6029,6029,6029,6029,6029,6029,6029,6029,6029,6029,6029
1.2254e+005,6029,6029,6029,6029,6029,6029,6029,6029,6029,6029,6029,6029,6029
1.2274e+005,6029,6029,6029,6029,6029,6030,6030,6030,6030,6030,6030,6030,6029
1.2294e+005,6030,6029,6029,6029,6029,6030,6030,6030,6030,6030,6030,6030,6029
1.2314e+005,6030,6030,6030,6030,6030,6030,6030,6030,6030,6030,6030,6030,6030
1.2335e+005,6030,6030,6030,6030,6030,6030,6030,6030,6030,6030,6030,6030,6030
1.2355e+005,6065,6068,6014,6014,6014,6067,6067,6067,6067,6067,6067,6067,6048
1.2374e+005,6024,6024,5944,5943,5944,6024,6024,6024,6024,6024,6024,6024,6021
1.2394e+005,6026,6026,5875,5875,5875,6026,6026,6026,6026,6026,6026,6026,6026
1.2414e+005,6024,6022,5819,5818,5819,6022,6022,6022,6022,6022,6022,6022,6024
1.2435e+005,6031,6032,5770,5770,5770,6032,6032,6032,6032,6032,6032,6032,6031
1.2455e+005,6029,6029,5729,5729,5729,6029,6029,6029,6029,6029,6029,6029,6029
1.2475e+005,6029,6029,5695,5694,5695,6029,6029,6029,6029,6029,6029,6029,6029
1.2494e+005,6030,6030,5666,5665,5666,6030,6030,6030,6030,6030,6030,6030,6030
1.2514e+005,6029,6029,5641,5641,5641,6029,6029,6029,6029,6029,6029,6029,6029
1.2534e+005,6029,6029,5620,5620,5620,6029,6029,6029,6029,6029,6029,6029,6029
1.2555e+005,6029,6029,5602,5602,5602,6029,6029,6029,6029,6029,6029,6029,6029
1.2574e+005,6029,6029,5654,5714,5714,6029,6029,6029,6029,6029,6029,6029,6029
1.2593e+005,6029,6029,5654,5869,5869,6029,6029,6029,6029,6029,6029,6029,6029
1.2614e+005,6029,6029,5654,5971,5971,6029,6029,6029,6029,6029,6029,6029,6029
1.2634e+005,6029,6029,5654,6059,6059,6029,6029,6029,6029,6029,6029,6029,6029
1.2655e+005,6029,6029,5654,6137,6137,6029,6029,6029,6029,6029,6029,6029,6029
1.2674e+005,6030,6030,5654,6203,6203,6030,6030,6030,6030,6030,6030,6030,6030
1.2695e+005,6030,6030,5654,6260,6260,6030,6030,6030,6030,6030,6030,6030,6030
1.2714e+005,6030,6030,5654,6309,6309,6030,6030,6030,6030,6030,6030,6030,6030
1.2734e+005,6030,6030,5654,6352,6352,6030,6030,6030,6030,6030,6030,6030,6030
1.2754e+005,6030,6030,5654,6388,6388,6030,6030,6030,6030,6030,6030,6030,6030
1.2775e+005,6027,6027,5654,6492,6450,6027,6027,6027,6027,6027,6027,6027,6026
1.2793e+005,6029,6029,5654,6251,6209,6029,6029,6029,6029,6029,6029,6029,6029
1.2815e+005,6030,6030,5654,6029,6030,6030,6030,6030,6030,6030,6030,6030,6030
1.2834e+005,6030,6030,5654,6032,6030,6030,6030,6030,6030,6030,6030,6030,6030
1.2854e+005,6031,6031,5654,6031,6031,6031,6031,6031,6031,6031,6031,6031,6031
1.2875e+005,6031,6031,5654,6031,6031,6031,6031,6031,6031,6031,6031,6031,6031
1.2895e+005,6031,6031,5654,6031,6031,6031,6031,6031,6031,6031,6031,6031,6031
1.2914e+005,6031,6031,5654,6031,6031,6031,6031,6031,6031,6031,6031,6031,6031
1.2933e+005,6031,6031,5654,6031,6031,6031,6031,6031,6031,6031,6031,6031,6031
1.2954e+005,6028,6028,5654,6028,6028,6028,6028,6028,6028,6028,6028,6028,6028
1.2974e+005,6028,6028,5654,6028,6028,6028,6028,6028,6028,6028,6028,6028,6028
1.2994e+005,6028,6028,5654,6028,6028,6028,6028,6028,6028,6028,6028,6028,6028
1.3013e+005,6028,6028,5654,6028,6028,6028,6028,6028,6028,6028,6028,6028,6028
1.3035e+005,6030,6030,5654,6030,6030,6030,6030,6030,6030,6030,6030,6030,6030
1.3055e+005,6029,6029,5654,6029,6029,6029,6029,6029,6029,6029,6029,6029,6029
1.3074e+005,6029,6029,5654,6029,6029,6029,6029,6029,6029,6029,6029,6029,6029
1.3094e+005,6030,6030,5654,6030,6030,6030,6030,6030,6030,6030,6030,6030,6030
1.3113e+005,6029,6029,5654,6029,6029,6029,6029,6029,6029,6029,6029,6029,6030
1.3134e+005,6030,6030,5654,6030,6030,6030,6030,6030,6030,6030,6030,6030,6030
1.3155e+005,6030,6030,5654,6030,6030,6030,6030,6030,6030,6030,6030,6030,6030
1.3174e+005,6030,6030,5654,6030,6030,6030,6030,6030,6030,6030,6030,6030,6030
1.3195e+005,6030,6030,5654,6030,6030,6030,6030,6030,6030,6030,6030,6030,6030
1.3214e+005,6030,6030,5654,6030,6030,6030,6030,6030,6030,6030,6030,6030,6030
1.3236e+005,6030,6030,5654,6030,6030,6030,6030,6030,6030,6030,6030,6030,6030
1.3254e+005,6030,6030,5654,6030,6030,6030,6030,6030,6030,6030,6030,6030,6030
1.3273e+005,6030,6029,5654,6029,6029,6029,6029,6029,6029,6029,6029,6029,6030
1.3294e+005,6029,6029,5654,6029,6029,6029,6029,6029,6029,6029,6029,6029,6030
1.3315e+005,6029,6029,5654,6029,6029,6029,6029,6029,6029,6029,6029,6029,6029
1.3334e+005,6029,6029,5654,6029,6029,6029,6029,6029,6029,6029,6029,6029,6029
1.3355e+005,6030,6030,5666,6030,6030,6030,6030,6030,6030,6030,6030,6030,6030
1.3373e+005,6030,6030,5906,6030,6030,6030,6030,6030,6030,6030,6030,6030,6030
1.3394e+005,6031,6031,6031,6031,6031,6031,6031,6031,6031,6031,6031,6031,6031
1.3414e+005,6030,6030,6030,6030,6030,6030,6030,6030,6030,6030,6030,6030,6030
1.3434e+005,6029,6029,6029,6029,6029,6029,6029,6029,6029,6029,6029,6029,6029
1.3453e+005,6030,6030,6030,6030,6030,6030,6030,6030,6030,6030,6030,6030,6030
1.3475e+005,6030,6030,6030,6030,6030,6030,6030,6030,6030,6030,6030,6030,6030
1.3494e+005,6029,6029,6029,6029,6029,6029,6029,6029,6029,6029,6029,6029,6029
1.3514e+005,6029,6029,6029,6029,6029,6029,6029,6029,6029,6029,6029,6029,6029
1.3534e+005,6029,6029,6029,6029,6029,6029,6029,6029,6029,6029,6029,6029,6029
1.3555e+005,6029,6029,6029,6029,6029,6029,6029,6029,6029,6029,6029,6029,6030
1.3575e+005,6029,6029,6029,6029,6029,6029,6029,6029,6029,6029,6029,6029,6030
1.3595e+005,6029,6029,6029,6029,6029,6029,6029,6029,6029,6029,6029,6029,6030
1.3613e+005,6029,6029,6029,6029,6029,6029,6029,6029,6029,6029,6029,6029,6029
1.3634e+005,6029,6029,6029,6029,6029,6029,6029,6029,6029,6029,6029,6029,6029
1.3654e+005,6030,6029,6029,6029,6029,6030,6030,6030,6029,6029,6029,6029,6029
1.3673e+005,6030,6030,6030,6030,6030,6030,6030,6030,6030,6030,6030,6030,6029
1.3694e+005,6030,6030,6030,6030,6030,6030,6030,6030,6030,6030,6030,6030,6030
1.3715e+005,6030,6030,6030,6030,6030,6030,6030,6030,6030,6030,6030,6030,6030
1.3734e+005,6030,6030,6030,6030,6030,6030,6030,6030,6030,6030,6030,6030,6030
1.3754e+005,6030,6030,6030,6030,6030,6030,6030,6030,6030,6030,6030,6030,6030
1.3773e+005,6030,6106,6106,6106,6106,6107,6107,6107,6107,6107,6107,6107,6105
1.3795e+005,6030,6275,6275,6275,6275,6275,6275,6275,6275,6275,6275,6275,6275
1.3813e+005,6030,6329,6329,6329,6329,6329,6329,6329,6329,6329,6329,6329,6328
1.3833e+005,6030,6237,6237,6237,6237,6237,6237,6237,6237,6237,6237,6237,6238
1.3854e+005,6030,6150,6150,6150,6150,6151,6151,6151,6151,6150,6150,6150,6151
1.3873e+005,6030,6090,6090,6090,6090,6091,6091,6091,6091,6090,6090,6090,6091
1.3893e+005,6030,6053,6053,6053,6053,6053,6053,6053,6053,6053,6053,6053,6053
1.3915e+005,6029,6031,6031,6031,6031,6031,6031,6031,6031,6031,6031,6031,6031
1.3935e+005,6029,6019,6019,6019,6019,6019,6019,6019,6019,6019,6019,6019,6019
1.3954e+005,6029,6011,6011,6011,6011,6011,6011,6011,6011,6011,6011,6011,6011
1.3974e+005,6029,6007,6007,6007,6007,6007,6007,6007,6007,6007,6007,6007,6007
1.3993e+005,6029,6005,6005,6005,6005,6005,6005,6005,6005,6005,6005,6005,6005
1.4014e+005,6029,6003,6003,6003,6003,6003,6003,6003,6003,6003,6003,6003,6003
1.4033e+005,6029,6002,6002,6002,6002,6002,6002,6002,6002,6002,6002,6002,6002
1.4054e+005,6029,6002,6002,6002,6002,6002,6002,6002,6002,6002,6002,6002,6002
1.4073e+005,6030,6001,6001,6001,6001,6001,6001,6001,6001,6001,6001,6001,6001
1.4094e+005,6030,6001,6001,6001,6001,6001,6001,6001,6001,6001,6001,6001,6001
1.4114e+005,6030,6001,6001,6001,6001,6001,6001,6001,6001,6001,6001,6001,6001
1.4133e+005,6030,5843,5882,5881,5881,5843,5843,5843,5843,5843,5843,5843,5840
1.4155e+005,6030,5603,5828,5828,5828,5603,5603,5603,5603,5603,5603,5603,5600
1.4174e+005,6030,5486,5919,5919,5919,5486,5486,5486,5487,5486,5486,5486,5486
1.4194e+005,6030,5714,6019,6019,6019,5714,5714,5714,5714,5714,5714,5714,5713
1.4214e+005,6030,5852,6196,6196,6196,5852,5852,5852,5852,5852,5852,5852,5852
1.4233e+005,6030,5925,6312,6312,6312,5925,5925,5925,5925,5925,5925,5925,5925
1.4253e+005,6029,5961,6453,6453,6453,5961,5961,5961,5961,5961,5961,5961,5961
1.4274e+005,6029,5978,6584,6584,6584,5978,5978,5978,5978,5978,5978,5978,5977
1.4294e+005,6029,5986,6692,6692,6692,5986,5986,5986,5986,5986,5986,5986,5985
1.4314e+005,6029,5990,6814,6814,6814,5990,5990,5990,5990,5990,5990,5990,5990
1.4334e+005,6029,5992,6917,6917,6917,5992,5992,5992,5992,5992,5992,5992,5992
1.4354e+005,6029,5993,6773,6773,6773,5993,5993,5993,5993,5993,5993,5993,5993
1.4373e+005,6029,5995,6533,6533,6533,5995,5995,5995,5995,5995,5995,5995,5995
1.4394e+005,6029,5995,6298,6298,6298,5995,5995,5995,5995,5995,5995,5995,5995
1.4414e+005,6030,5996,6146,6146,6146,5996,5996,5996,5996,5996,5996,5996,5996
1.4436e+005,6030,5997,6031,6030,6030,5997,5997,5997,5997,5997,5997,5997,5997
1.4454e+005,6030,5997,5939,5939,5939,5997,5997,5997,5997,5997,5997,5997,5997
1.4475e+005,6030,5998,5864,5864,5864,5998,5998,5998,5998,5998,5998,5998,5998
1.4493e+005,6030,5998,5802,5802,5802,5998,5998,5998,5998,5998,5998,5998,5998
1.4514e+005,6030,5998,5732,5732,5732,5998,5998,5998,5998,5998,5998,5998,5998
1.4534e+005,6030,5998,5910,5910,5910,5998,5998,5998,5998,5998,5998,5998,5998
1.4554e+005,6030,5999,6136,6110,6133,5999,5999,5999,5999,5999,5999,5999,5999
1.4575e+005,6029,5999,6376,6350,6373,5999,5999,5999,5999,5999,5999,5999,5999
1.4595e+005,6029,5999,6541,6590,6519,5999,5999,5999,5999,5999,5999,5999,5999
1.4613e+005,6029,5999,6541,6601,6519,5999,5999,5999,5999,5999,5999,5999,5999
1.4635e+005,6029,5999,6541,6602,6519,5999,5999,5999,5999,5999,5999,5999,5999
1.4655e+005,6029,5999,6541,6602,6519,5999,5999,5999,5999,5999,5999,5999,5999
1.4675e+005,6029,5999,6541,6602,6519,5999,5999,5999,5999,5999,5999,5999,5999
1.4695e+005,6029,5999,6541,6602,6519,5999,5999,5999,5999,5999,5999,5999,5999
1.4713e+005,6029,5999,6541,6601,6519,5999,5999,5999,5999,5999,5999,5999,5999
1.4734e+005,6029,5999,6541,6602,6519,5999,5999,5999,5999,5999,5999,5999,5999
1.4754e+005,6030,5999,6541,6602,6519,5999,5999,5999,5999,5999,5999,5999,5999
1.4775e+005,6030,5999,6541,6602,6519,5999,5999,5999,5999,5999,5999,5999,5999
1.4796e+005,6030,5999,6541,6602,6519,5999,5999,5999,5999,5999,5999,5999,5999
1.4815e+005,6030,5999,6541,6601,6519,5999,5999,5999,5999,5999,5999,5999,5999
1.4834e+005,6030,5999,6541,6602,6519,5999,5999,5999,5999,5999,5999,5999,5999
1.4854e+005,6030,5999,6541,6602,6519,5999,5999,5999,5999,5999,5999,5999,5999
1.4875e+005,6030,5999,6541,6602,6519,5999,5999,5999,5999,5999,5999,5999,5999
1.4895e+005,6030,5999,6541,6601,6519,5999,5999,5999,5999,5999,5999,5999,5999
1.4915e+005,6029,5999,6541,6601,6519,5999,5999,5999,5999,5999,5999,5999,5999
1.4933e+005,6029,5895,6541,6602,6519,5895,5895,5895,5895,5895,5895,5895,5895
1.4954e+005,6029,5655,6541,6602,6519,5655,5655,5655,5655,5655,5655,5655,5655
1.4974e+005,6029,5432,6541,6602,6519,5432,5432,5432,5432,5434,5434,5434,5415
1.4994e+005,6029,5432,6541,6601,6519,5432,5432,5432,5432,5434,5434,5434,5175
1.5014e+005,6029,5432,6541,6601,6519,5432,5432,5432,5432,5434,5434,5434,4935
1.5033e+005,6029,5432,6541,6602,6519,5432,5432,5432,5432,5434,5434,5434,4695
1.5054e+005,6029,5432,6541,6602,6519,5432,5432,5432,5432,5434,5434,5434,4455
1.5074e+005,6030,5432,6541,6602,6519,5432,5432,5432,5432,5435,5434,5434,4215
1.5094e+005,6030,5432,6541,6601,6519,5433,5432,5432,5432,5435,5434,5434,3975
1.5113e+005,6030,5432,6541,6601,6519,5432,5432,5432,5432,5435,5434,5434,3735
1.5134e+005,6030,5432,6541,6602,6519,5432,5432,5432,5432,5435,5434,5434,3495
1.5153e+005,6030,5432,6541,6602,6519,5432,5432,5432,5432,5434,5434,5434,3255
1.5174e+005,6030,5432,6541,6602,6519,5432,5432,5432,5432,5434,5434,5434,3015
1.5194e+005,6030,5432,6541,6601,6519,5432,5432,5432,5432,5434,5434,5434,2775
1.5214e+005,6030,5432,6541,6602,6519,5432,5432,5432,5432,5434,5434,5434,2535
1.5234e+005,6030,5432,6541,6602,6519,5432,5432,5432,5432,5435,5434,5434,2295
1.5278e+005,6029,5432,6541,6602,6519,5432,5432,5432,5432,5435,5434,5434,2055
1.528e+005,6029,5432,6541,6602,6519,5432,5432,5432,5432,5435,5434,5434,1815
1.5294e+005,6029,5432,6541,6601,6519,5432,5432,5432,5432,5435,5434,5434,1575
1.5314e+005,6029,5432,6541,6602,6519,5432,5432,5432,5432,5434,5434,5434,1335
1.5335e+005,6029,5432,6541,6602,6519,5432,5432,5432,5432,5434,5434,5434,1095
1.5353e+005,6029,5432,6541,6602,6519,5432,5432,5432,5432,5435,5434,5434,855
1.5374e+005,6029,5432,6541,6602,6519,5432,5432,5432,5432,5435,5434,5434,615
1.5394e+005,6029,5432,6541,6601,6519,5432,5432,5432,5432,5435,5434,5434,375
1.5415e+005,6030,5432,6541,6602,6519,5432,5432,5432,5432,5435,5434,5434,135
1.5435e+005,6030,5432,6541,6602,6519,5432,5432,5432,5432,5435,5434,5434,16
1.5455e+005,6030,5432,6541,6602,6519,5432,5432,5432,5432,5435,5434,5434,13
1.5474e+005,6030,5432,6541,6602,6519,5432,5432,5432,5432,5435,5434,5434,11
1.5494e+005,6030,5432,6541,6601,6519,5432,5432,5432,5432,5435,5434,5434,10
1.5515e+005,6030,5432,6541,6602,6519,5432,5432,5432,5432,5435,5434,5434,9
1.5535e+005,6030,5432,6541,6602,6519,5432,5432,5432,5432,5435,5434,5434,9
1.5555e+005,6030,5432,6541,6602,6519,5432,5432,5432,5432,5435,5434,5434,9
1.5574e+005,6029,5432,6541,6602,6519,5432,5432,5432,5432,5435,5434,5434,8
1.5594e+005,6029,5432,6541,6601,6519,5432,5432,5432,5432,5435,5434,5434,8
1.5615e+005,6029,5432,6541,6602,6519,5432,5432,5432,5432,5435,5434,5434,8
1.5635e+005,6029,5432,6541,6602,6519,5432,5432,5432,5432,5435,5434,5434,8
1.5655e+005,6029,5432,6541,6602,6519,5432,5432,5432,5432,5435,5434,5434,8
1.5676e+005,6029,5432,6541,6602,6519,5432,5432,5432,5432,5435,5434,5434,7
1.5696e+005,6029,5432,6541,6601,6519,5432,5432,5432,5432,5435,5434,5434,7
1.5715e+005,6029,5432,6541,6602,6519,5432,5432,5432,5432,5435,5434,5434,7
1.5735e+005,6029,5432,6541,6602,6519,5432,5432,5432,5432,5435,5434,5434,7
1.5755e+005,6030,5432,6541,6602,6519,5432,5432,5432,5432,5435,5434,5434,6
1.5774e+005,6030,5432,6541,6602,6519,5432,5432,5432,5432,5435,5434,5434,6
1.5795e+005,6030,5432,6541,6601,6519,5432,5432,5432,5432,5435,5434,5434,5
1.5816e+005,6030,5432,6541,6602,6519,5432,5432,5432,5432,5435,5434,5434,5
1.5835e+005,6030,5432,6541,6602,6519,5432,5432,5432,5432,5435,5434,5434,5
1.5855e+005,6030,5432,6541,6602,6519,5432,5432,5432,5432,5435,5434,5434,4
1.5876e+005,6030,5432,6541,6602,6519,5432,5432,5432,5432,5435,5434,5434,4
1.5894e+005,6030,5432,6541,6601,6519,5432,5432,5432,5432,5435,5434,5434,3
1.5916e+005,6029,5432,6541,6602,6519,5432,5432,5432,5432,5435,5434,5434,3
1.5934e+005,6029,5432,6541,6602,6519,5432,5432,5432,5432,5435,5434,5434,2
1.5955e+005,6029,5432,6541,6602,6519,5432,5432,5432,5432,5435,5434,5434,2
1.5975e+005,6029,5432,6541,6601,6519,5432,5432,5432,5432,5435,5434,5434,2
1.5995e+005,6029,5432,6541,6601,6519,5432,5432,5432,5432,5435,5434,5434,1
1.6016e+005,6029,5432,6541,6602,6519,5432,5432,5432,5432,5435,5434,5434,1
1.6034e+005,6029,5432,6541,6602,6519,5432,5432,5432,5432,5435,5434,5434,1
1.6055e+005,6029,5432,6541,6602,6519,5432,5432,5432,5432,5435,5434,5434,0
1.6075e+005,6030,5432,6541,6601,6519,5432,5432,5432,5432,5435,5434,5434,0
1.6095e+005,6030,5432,6541,6601,6519,5432,5432,5432,5432,5435,5434,5434,0
1.6115e+005,6030,5432,6541,6602,6519,5432,5432,5432,5432,5435,5434,5434,0
1.6135e+005,6030,5432,6541,6602,6519,5432,5432,5432,5432,5435,5434,5434,0
1.6156e+005,6030,5432,6541,6602,6519,5432,5432,5432,5432,5435,5434,5434,0
1.6175e+005,6030,5432,6541,6601,6519,5432,5432,5432,5432,5435,5434,5434,0
1.6195e+005,6030,5432,6541,6602,6519,5432,5432,5432,5432,5435,5434,5434,0
1.6215e+005,6030,5432,6541,6602,6519,5432,5432,5432,5432,5435,5434,5434,0
1.6236e+005,6030,5432,6541,6602,6519,5432,5432,5432,5432,5435,5434,5434,0
1.6256e+005,6029,5432,6541,6602,6519,5432,5432,5432,5432,5435,5434,5434,0
1.6275e+005,6029,5432,6541,6601,6519,5432,5432,5432,5432,5435,5434,5434,0
1.6295e+005,6029,5432,6541,6602,6519,5432,5432,5432,5432,5435,5434,5434,0
1.6315e+005,6029,5432,6541,6602,6519,5432,5432,5432,5432,5435,5434,5434,0
1.6334e+005,6029,5432,6541,6602,6519,5432,5432,5432,5432,5435,5434,5434,0
1.6355e+005,6029,5432,6541,6602,6519,5432,5432,5432,5432,5435,5434,5434,0
1.6375e+005,6029,5432,6541,6601,6519,5432,5432,5432,5432,5435,5434,5434,0
1.6395e+005,6029,5432,6541,6602,6519,5432,5432,5432,5432,5435,5434,5434,0
1.6415e+005,6030,5432,6541,6602,6519,5432,5432,5432,5432,5435,5434,5434,0
1.6435e+005,6030,5432,6541,6602,6519,5432,5432,5432,5432,5435,5434,5434,0
1.6456e+005,6030,5432,6541,6602,6519,5432,5432,5432,5432,5435,5434,5434,0
1.6474e+005,6030,5432,6541,6601,6519,5432,5432,5432,5432,5435,5434,5434,0
1.6495e+005,6030,5432,6541,6602,6519,5432,5432,5432,5432,5435,5434,5434,0
1.6515e+005,6030,5432,6541,6602,6519,5432,5432,5432,5432,5435,5434,5434,0
1.6535e+005,6030,5432,6541,6602,6519,5432,5432,5432,5432,5435,5434,5434,0
1.6553e+005,6030,5432,6541,6602,6519,5432,5432,5432,5432,5435,5434,5434,0
1.6576e+005,6029,5432,6541,6601,6519,5432,5432,5432,5432,5435,5434,5434,0
1.6595e+005,6029,5432,6541,6602,6519,5432,5432,5432,5432,5435,5434,5434,0
1.6615e+005,6029,5432,6541,6602,6519,5432,5432,5432,5432,5435,5434,5434,0
1.6635e+005,6029,5432,6541,6602,6519,5432,5432,5432,5432,5435,5434,5434,0
1.6656e+005,6029,5432,6541,6602,6519,5432,5432,5432,5432,5435,5434,5434,0
1.6676e+005,6029,5432,6541,6601,6519,5432,5432,5432,5432,5435,5434,5434,0
1.6694e+005,6029,5432,6541,6602,6519,5432,5432,5432,5432,5435,5434,5434,0
1.6714e+005,6029,5432,6541,6602,6519,5432,5432,5432,5432,5435,5434,5434,0
1.6734e+005,6030,5432,6541,6602,6519,5432,5432,5432,5432,5435,5434,5434,0
1.6755e+005,6030,5432,6541,6602,6519,5432,5432,5432,5432,5435,5434,5434,0
1.6776e+005,6030,5432,6541,6601,6519,5432,5432,5432,5432,5435,5434,5434,0
1.6794e+005,6030,5432,6541,6602,6519,5432,5432,5432,5432,5435,5434,5434,0
1.682e+005,6030,5432,6541,6602,6519,5432,5432,5432,5432,5435,5434,5434,0
1.6837e+005,6030,5432,6541,6602,6519,5432,5432,5432,5432,5435,5434,5434,0
1.6855e+005,6030,5432,6541,6602,6519,5432,5432,5432,5432,5435,5434,5434,0
1.6875e+005,6030,5432,6541,6601,6519,5432,5432,5432,5432,5435,5434,5434,0
1.6895e+005,6030,5432,6541,6602,6519,5432,5432,5432,5432,5435,5434,5434,0
1.6915e+005,6029,5432,6541,6602,6519,5432,5432,5432,5432,5435,5434,5434,0
1.6935e+005,6029,5432,6541,6602,6519,5432,5432,5432,5432,5435,5434,5434,0
1.6959e+005,6029,5432,6541,6602,6519,5432,5432,5432,5432,5435,5434,5434,0
1.6974e+005,6029,5432,6541,6601,6519,5432,5432,5432,5432,5435,5434,5434,0
1.6994e+005,6029,5432,6541,6602,6519,5432,5432,5432,5432,5435,5434,5434,0
1.7016e+005,6029,5432,6541,6602,6519,5432,5432,5432,5432,5435,5434,5434,0
1.7035e+005,6029,5432,6541,6602,6519,5432,5432,5432,5432,5435,5434,5434,0
1.7055e+005,6029,5432,6541,6601,6519,5432,5432,5432,5432,5435,5434,5434,0
1.7075e+005,6030,5432,6541,6601,6519,5432,5432,5432,5432,5435,5434,5434,0
1.7095e+005,6030,5432,6541,6602,6519,5432,5432,5432,5432,5435,5434,5434,0
1.7116e+005,6030,5432,6541,6602,6519,5432,5432,5432,5432,5435,5434,5434,0
1.7136e+005,6030,5432,6541,6602,6519,5432,5432,5432,5432,5435,5434,5434,0
1.7154e+005,6030,5432,6541,6601,6519,5432,5432,5432,5432,5435,5434,5434,0
1.7175e+005,6030,5432,6541,6602,6519,5432,5432,5432,5432,5435,5434,5434,0
1.7195e+005,6030,5432,6541,6602,6519,5432,5432,5432,5432,5435,5434,5434,0
1.7216e+005,6030,5432,6541,6602,6519,5432,5432,5432,5432,5435,5434,5434,0
1.7235e+005,6029,5432,6541,6602,6519,5432,5432,5432,5432,5435,5434,5434,0
1.7255e+005,6029,5432,6541,6601,6519,5432,5432,5432,5432,5435,5434,5434,0
1.7275e+005,6029,5432,6541,6602,6519,5432,5432,5432,5432,5435,5434,5434,0
1.7298e+005,6029,5432,6541,6602,6519,5432,5432,5432,5432,5435,5434,5434,0
1.7319e+005,6029,5432,6541,6602,6519,5432,5432,5432,5432,5435,5434,5434,0
1.7335e+005,6029,5432,6541,6602,6519,5432,5432,5432,5432,5435,5434,5434,0
1.7356e+005,6029,5432,6541,6601,6519,5432,5432,5432,5432,5435,5434,5434,0
1.7374e+005,6029,5432,6541,6602,6519,5432,5432,5432,5432,5435,5434,5434,0
1.7395e+005,6029,5432,6541,6602,6519,5432,5432,5432,5432,5435,5434,5434,0
1.7414e+005,6030,5432,6541,6602,6519,5432,5432,5432,5432,5435,5434,5434,0
1.7435e+005,6030,5432,6541,6602,6519,5432,5432,5432,5432,5435,5434,5434,0
1.7456e+005,6030,5432,6541,6601,6519,5432,5432,5432,5432,5435,5434,5434,0
1.7474e+005,6030,5432,6541,6602,6519,5432,5432,5432,5432,5435,5434,5434,0
1.7496e+005,6030,5432,6541,6602,6519,5432,5432,5432,5432,5435,5434,5434,0
1.7515e+005,6030,5432,6541,6602,6519,5432,5432,5432,5432,5435,5434,5434,0
1.7536e+005,6030,5432,6541,6602,6519,5432,5432,5432,5432,5435,5434,5434,0
1.7555e+005,6030,5432,6541,6601,6519,5432,5432,5432,5432,5435,5434,5434,0
1.7576e+005,6029,5432,6541,6602,6519,5432,5432,5432,5432,5435,5434,5434,0
1.7595e+005,6029,5432,6541,6602,6519,5432,5432,5432,5432,5435,5434,5434,0
1.7615e+005,6029,5432,6541,6602,6519,5432,5432,5432,5432,5435,5434,5434,0
1.7635e+005,6029,5432,6541,6602,6519,5432,5432,5432,5432,5435,5434,5434,0
1.7655e+005,6029,5432,6541,6601,6519,5432,5432,5432,5432,5435,5434,5434,0
1.7675e+005,6029,5432,6541,6602,6519,5432,5432,5432,5432,5435,5434,5434,0
1.7694e+005,6029,5432,6541,6602,6519,5432,5432,5432,5432,5435,5434,5434,0
1.7715e+005,6029,5432,6541,6602,6519,5432,5432,5432,5432,5435,5434,5434,0
1.7735e+005,6029,5432,6541,6602,6519,5432,5432,5432,5432,5435,5434,5434,0
1.7756e+005,6030,5432,6541,6601,6519,5432,5432,5432,5432,5435,5434,5434,0
1.7774e+005,6030,5432,6541,6602,6519,5432,5432,5432,5432,5435,5434,5434,0
1.7796e+005,6030,5432,6541,6602,6519,5432,5432,5432,5432,5435,5434,5434,0
1.7835e+005,6030,5432,6541,6602,6519,5432,5432,5432,5432,5435,5434,5434,0
1.7836e+005,6030,5432,6541,6602,6519,5432,5432,5432,5432,5435,5434,5434,0
1.7855e+005,6030,5432,6541,6601,6519,5432,5432,5432,5432,5435,5434,5434,0
1.7875e+005,6030,5432,6541,6602,6519,5432,5432,5432,5432,5435,5434,5434,0
1.7895e+005,6030,5432,6541,6602,6519,5432,5432,5432,5432,5435,5434,5434,0
1.7915e+005,6029,5432,6541,6602,6519,5432,5432,5432,5432,5435,5434,5434,0
1.7935e+005,6029,5432,6541,6602,6519,5432,5432,5432,5432,5435,5434,5434,0
1.7955e+005,6029,5432,6541,6601,6519,5432,5432,5432,5432,5435,5434,5434,0
1.7976e+005,6029,5432,6541,6602,6519,5432,5432,5432,5432,5435,5434,5434,0
1.7996e+005,6029,5432,6541,6602,6519,5432,5432,5432,5432,5435,5434,5434,0
1.8015e+005,6029,5432,6541,6602,6519,5432,5432,5432,5432,5435,5434,5434,0
