165
346
548
744
959
1142
1334
1548
1749
1957
2148
2337
2534
2739
2940
3143
3331
3532
3734
3943
4132
4333
4532
4740
4935
5144
5349
5534
5732
5943
6138
6344
6533
6741
6932
7136
7338
7547
7733
7932
8139
8337
8531
8750
8949
9142
9335
9545
9757
9949
10139
10341
10686
10764
10931
11134
11332
11540
11740
11935
12244
12385
12543
12739
12945
13132
13348
13588
13910
13940
14145
14334
14537
14738
14942
15147
15341
15550
15735
15942
16144
16333
16533
16732
16932
17135
17345
17533
17744
17932
18134
18340
18546
18745
18935
19135
19339
19543
19733
19933
20151
20336
20545
20745
20933
21135
21339
21539
21741
21933
22147
22335
22534
22737
22945
23133
23334
23532
23743
23940
24133
24348
24537
24737
24938
25143
25334
25535
25737
25937
26141
26358
26550
26739
26936
27143
27343
27531
27732
27936
28140
28341
28546
28748
28934
29138
29342
29542
29733
29950
30135
30332
30543
30746
30949
31132
31333
31535
31740
31945
32131
32333
32531
32747
32939
33148
33350
33531
33734
33937
34147
34333
34550
34738
34944
35141
35334
35534
35733
35934
36138
36343
36547
36732
36934
37139
37337
37549
37736
37952
38138
38343
38544
38749
38948
39135
39341
39537
39744
39934
40131
40331
40537
40738
40949
41148
41333
41533
41735
41940
42147
42349
42536
42735
42937
43147
43334
43534
43738
43938
44144
44333
44534
44732
44943
45136
45346
45542
45742
45937
46137
46342
46532
46734
46950
47136
47343
47546
47732
47931
48141
48341
48543
48732
48951
49132
49340
49543
49741
49934
50134
50338
50537
50742
50947
51151
51351
51545
51738
51944
52135
52334
52538
52739
52947
53134
53335
53536
53737
53939
54150
54350
54553
54732
54942
55139
55349
55533
55737
55938
56135
56338
56546
56734
56935
57139
57342
57546
57748
57935
58141
58336
58547
58746
58951
59134
59337
59543
59743
59935
60149
60382
60722
60972
61223
61461
61667
61889
62092
62112
62280
62495
62570
62737
62942
63147
63334
63550
63739
63943
64140
64334
64532
64735
64935
65145
65349
65535
65735
65941
66285
66623
66870
66884
66970
67141
67344
67538
67739
67936
68137
68339
68542
68745
68937
69132
69338
69540
69739
69950
70141
70339
70540
70742
70951
71149
71351
71551
71738
71938
72156
72348
72536
72736
72946
73132
73349
73549
73733
73939
74145
74345
74535
74740
74936
75138
75342
75548
75733
75939
76140
76338
76540
76747
76948
77133
77344
77545
77734
77933
78151
78340
78544
78744
78935
79137
79332
79542
79742
79947
80132
80340
80542
80742
80948
81150
81338
81537
81737
81940
82149
82335
82540
82736
82937
83145
83349
83536
83735
83941
84138
84353
84547
84741
84937
85143
85339
85550
85734
85940
86140
86344
86542
86748
86953
87141
87345
87543
87747
87933
88153
88337
88545
88744
88950
89136
89341
89538
89747
89942
90137
90335
90538
90751
90945
91148
91345
91533
91740
91946
92145
92350
92534
92740
92957
93147
93333
93545
93732
93941
94144
94349
94547
94736
94938
95137
95344
95551
95748
95940
96135
96346
96541
96752
96931
97140
97336
97547
97732
97951
98238
98404
98564
98751
98934
99134
99341
99548
99749
99945
1.0021e+005
1.0039e+005
1.0055e+005
1.0075e+005
1.0095e+005
1.0115e+005
1.0134e+005
1.0154e+005
1.0174e+005
1.0195e+005
1.0213e+005
1.0235e+005
1.0254e+005
1.0273e+005
1.0294e+005
1.0314e+005
1.0334e+005
1.0355e+005
1.0374e+005
1.0394e+005
1.0414e+005
1.0434e+005
1.0454e+005
1.0474e+005
1.0493e+005
1.0514e+005
1.0534e+005
1.0555e+005
1.0573e+005
1.0593e+005
1.0614e+005
1.0634e+005
1.0654e+005
1.0675e+005
1.0695e+005
1.0715e+005
1.0734e+005
1.0755e+005
1.0775e+005
1.0795e+005
1.0814e+005
1.0834e+005
1.0855e+005
1.0873e+005
1.0895e+005
1.0914e+005
1.0934e+005
1.0954e+005
1.0974e+005
1.0995e+005
1.1015e+005
1.1035e+005
1.1053e+005
1.1074e+005
1.1094e+005
1.1115e+005
1.1135e+005
1.1154e+005
1.1174e+005
1.1194e+005
1.1214e+005
1.1235e+005
1.1254e+005
1.1274e+005
1.1294e+005
1.1315e+005
1.1334e+005
1.1354e+005
1.1374e+005
1.1394e+005
1.1414e+005
1.1434e+005
1.1454e+005
1.1474e+005
1.1493e+005
1.1514e+005
1.1535e+005
1.1555e+005
1.1574e+005
1.1594e+005
1.1614e+005
1.1634e+005
1.1654e+005
1.1675e+005
1.1694e+005
1.1713e+005
1.1734e+005
1.1754e+005
1.1775e+005
1.1795e+005
1.1815e+005
1.1834e+005
1.1854e+005
1.1874e+005
1.1894e+005
1.1915e+005
1.1934e+005
1.1954e+005
1.1974e+005
1.1995e+005
1.2013e+005
1.2033e+005
1.2054e+005
1.2074e+005
1.2094e+005
1.2113e+005
1.2135e+005
1.2154e+005
1.2174e+005
1.2194e+005
1.2214e+005
1.2235e+005
1.2254e+005
1.2274e+005
1.2294e+005
1.2314e+005
1.2335e+005
1.2355e+005
1.2374e+005
1.2394e+005
1.2414e+005
1.2435e+005
1.2455e+005
1.2475e+005
1.2494e+005
1.2514e+005
1.2534e+005
1.2555e+005
1.2574e+005
1.2593e+005
1.2614e+005
1.2634e+005
1.2655e+005
1.2674e+005
1.2695e+005
1.2714e+005
1.2734e+005
1.2754e+005
1.2775e+005
1.2793e+005
1.2815e+005
1.2834e+005
1.2854e+005
1.2875e+005
1.2895e+005
1.2914e+005
1.2933e+005
1.2954e+005
1.2974e+005
1.2994e+005
1.3013e+005
1.3035e+005
1.3055e+005
1.3074e+005
1.3094e+005
1.3113e+005
1.3134e+005
1.3155e+005
1.3174e+005
1.3195e+005
1.3214e+005
1.3236e+005
1.3254e+005
1.3273e+005
1.3294e+005
1.3315e+005
1.3334e+005
1.3355e+005
1.3373e+005
1.3394e+005
1.3414e+005
1.3434e+005
1.3453e+005
1.3475e+005
1.3494e+005
1.3514e+005
1.3534e+005
1.3555e+005
1.3575e+005
1.3595e+005
1.3613e+005
1.3634e+005
1.3654e+005
1.3673e+005
1.3694e+005
1.3715e+005
1.3734e+005
1.3754e+005
1.3773e+005
1.3795e+005
1.3813e+005
1.3833e+005
1.3854e+005
1.3873e+005
1.3893e+005
1.3915e+005
1.3935e+005
1.3954e+005
1.3974e+005
1.3993e+005
1.4014e+005
1.4033e+005
1.4054e+005
1.4073e+005
1.4094e+005
1.4114e+005
1.4133e+005
1.4155e+005
1.4174e+005
1.4194e+005
1.4214e+005
1.4233e+005
1.4253e+005
1.4274e+005
1.4294e+005
1.4314e+005
1.4334e+005
1.4354e+005
1.4373e+005
1.4394e+005
1.4414e+005
1.4436e+005
1.4454e+005
1.4475e+005
1.4493e+005
1.4514e+005
1.4534e+005
1.4554e+005
1.4575e+005
1.4595e+005
1.4613e+005
1.4635e+005
1.4655e+005
1.4675e+005
1.4695e+005
1.4713e+005
1.4734e+005
1.4754e+005
1.4775e+005
1.4796e+005
1.4815e+005
1.4834e+005
1.4854e+005
1.4875e+005
1.4895e+005
1.4915e+005
1.4933e+005
1.4954e+005
1.4974e+005
1.4994e+005
1.5014e+005
1.5033e+005
1.5054e+005
1.5074e+005
1.5094e+005
1.5113e+005
1.5134e+005
1.5153e+005
1.5174e+005
1.5194e+005
1.5214e+005
1.5234e+005
1.5278e+005
1.528e+005
1.5294e+005
1.5314e+005
1.5335e+005
1.5353e+005
1.5374e+005
1.5394e+005
1.5415e+005
1.5435e+005
1.5455e+005
1.5474e+005
1.5494e+005
1.5515e+005
1.5535e+005
1.5555e+005
1.5574e+005
1.5594e+005
1.5615e+005
1.5635e+005
1.5655e+005
1.5676e+005
1.5696e+005
1.5715e+005
1.5735e+005
1.5755e+005
1.5774e+005
1.5795e+005
1.5816e+005
1.5835e+005
1.5855e+005
1.5876e+005
1.5894e+005
1.5916e+005
1.5934e+005
1.5955e+005
1.5975e+005
1.5995e+005
1.6016e+005
1.6034e+005
1.6055e+005
1.6075e+005
1.6095e+005
1.6115e+005
1.6135e+005
1.6156e+005
1.6175e+005
1.6195e+005
1.6215e+005
1.6236e+005
1.6256e+005
1.6275e+005
1.6295e+005
1.6315e+005
1.6334e+005
1.6355e+005
1.6375e+005
1.6395e+005
1.6415e+005
1.6435e+005
1.6456e+005
1.6474e+005
1.6495e+005
1.6515e+005
1.6535e+005
1.6553e+005
1.6576e+005
1.6595e+005
1.6615e+005
1.6635e+005
1.6656e+005
1.6676e+005
1.6694e+005
1.6714e+005
1.6734e+005
1.6755e+005
1.6776e+005
1.6794e+005
1.682e+005
1.6837e+005
1.6855e+005
1.6875e+005
1.6895e+005
1.6915e+005
1.6935e+005
1.6959e+005
1.6974e+005
1.6994e+005
1.7016e+005
1.7035e+005
1.7055e+005
1.7075e+005
1.7095e+005
1.7116e+005
1.7136e+005
1.7154e+005
1.7175e+005
1.7195e+005
1.7216e+005
1.7235e+005
1.7255e+005
1.7275e+005
1.7298e+005
1.7319e+005
1.7335e+005
1.7356e+005
1.7374e+005
1.7395e+005
1.7414e+005
1.7435e+005
1.7456e+005
1.7474e+005
1.7496e+005
1.7515e+005
1.7536e+005
1.7555e+005
1.7576e+005
1.7595e+005
1.7615e+005
1.7635e+005
1.7655e+005
1.7675e+005
1.7694e+005
1.7715e+005
1.7735e+005
1.7756e+005
1.7774e+005
1.7796e+005
1.7835e+005
1.7836e+005
1.7855e+005
1.7875e+005
1.7895e+005
1.7915e+005
1.7935e+005
1.7955e+005
1.7976e+005
1.7996e+005
1.8015e+005
