165,0,0,0,0,0,0,0,0,0,0,0,0,0
346,0,0,0,0,0,0,0,0,0,0,0,0,0
548,0,0,0,0,0,0,0,0,0,0,0,0,0
744,0,0,0,0,0,0,0,0,0,0,0,0,0
959,0,0,0,0,0,0,0,0,0,0,0,0,0
1142,0,0,0,0,0,0,0,0,0,0,0,0,0
1334,0,0,0,0,0,0,0,0,0,0,0,0,0
1548,0,0,0,0,0,0,0,0,0,0,0,0,0
1749,0,0,0,0,0,0,0,0,0,0,0,0,0
1957,0,0,0,0,0,0,0,0,0,0,0,0,0
2148,0,0,0,0,0,0,0,0,0,0,0,0,0
2337,0,0,0,0,0,0,0,0,0,0,0,0,0
2534,0,0,0,0,0,0,0,0,0,0,0,0,0
2739,0,0,0,0,0,0,0,0,0,0,0,0,0
2940,0,0,0,0,0,0,0,0,0,0,0,0,0
3143,0,0,0,0,0,0,0,0,0,0,0,0,0
3331,0,0,0,0,0,0,0,0,0,0,0,0,0
3532,0,0,0,0,0,0,0,0,0,0,0,0,0
3734,0,0,0,0,0,0,0,0,0,0,0,0,0
3943,0,0,0,0,0,0,0,0,0,0,0,0,0
4132,0,0,0,0,0,0,0,0,0,0,0,0,0
4333,0,0,0,0,0,0,0,0,0,0,0,0,0
4532,0,0,0,0,0,0,0,0,0,0,0,0,0
4740,0,0,0,0,0,0,0,0,0,0,0,0,0
4935,0,0,0,0,0,0,0,0,0,0,0,0,0
5144,0,0,0,0,0,0,0,0,0,0,0,0,0
5349,0,0,0,0,0,0,0,0,0,0,0,0,0
5534,0,0,0,0,0,0,0,0,0,0,0,0,0
5732,0,0,0,0,0,0,0,0,0,0,0,0,0
5943,0,0,0,0,0,0,0,0,0,0,0,0,0
6138,0,0,0,0,0,0,0,0,0,0,0,0,0
6344,0,0,0,0,0,0,0,0,0,0,0,0,0
6533,0,0,0,0,0,0,0,0,0,0,0,0,0
6741,0,0,0,0,0,0,0,0,0,0,0,0,0
6932,0,0,0,0,0,0,0,0,0,0,0,0,0
7136,0,0,0,0,0,0,0,0,0,0,0,0,0
7338,0,0,0,0,0,0,0,0,0,0,0,0,0
7547,0,0,0,0,0,0,0,0,0,0,0,0,0
7733,0,0,0,0,0,0,0,0,0,0,0,0,0
7932,0,0,0,0,0,0,0,0,0,0,0,0,0
8139,0,0,0,0,0,0,0,0,0,0,0,0,0
8337,0,0,0,0,0,0,0,0,0,0,0,0,0
8531,0,0,0,0,0,0,0,0,0,0,0,0,0
8750,0,0,0,0,0,0,0,0,0,0,0,0,0
8949,0,0,0,0,0,0,0,0,0,0,0,0,0
9142,0,0,0,0,0,0,0,0,0,0,0,0,0
9335,0,0,0,0,0,0,0,0,0,0,0,0,0
9545,0,0,0,0,0,0,0,0,0,0,0,0,0
9757,0,0,0,0,0,0,0,0,0,0,0,0,0
9949,0,0,0,0,0,0,0,0,0,0,0,0,0
10139,0,0,0,0,0,0,0,0,0,0,0,0,0
10341,0,0,0,0,0,0,0,0,0,0,0,0,0
10686,0,0,0,0,0,0,0,0,0,0,0,0,0
10764,0,0,0,0,0,0,0,0,0,0,0,0,0
10931,0,0,0,0,0,0,0,0,0,0,0,0,0
11134,0,0,0,0,0,0,0,0,0,0,0,0,0
11332,0,0,0,0,0,0,0,0,0,0,0,0,0
11540,0,0,0,0,0,0,0,0,0,0,0,0,0
11740,0,0,0,0,0,0,0,0,0,0,0,0,0
11935,0,0,0,0,0,0,0,0,0,0,0,0,0
12244,0,0,0,0,0,0,0,0,0,0,0,0,0
12385,0,0,0,0,0,0,0,0,0,0,0,0,0
12543,0,0,0,0,0,0,0,0,0,0,0,0,0
12739,0,0,0,0,0,0,0,0,0,0,0,0,0
12945,0,0,0,0,0,0,0,0,0,0,0,0,0
13132,0,0,0,0,0,0,0,0,0,0,0,0,0
13348,0,0,0,0,0,0,0,0,0,0,0,0,0
13588,0,0,0,0,0,0,0,0,0,0,0,0,0
13910,0,0,12,0,12,0,0,0,0,0,0,0,0
13940,0,0,12,0,12,0,0,0,0,0,0,0,0
14145,0,0,12,0,12,0,0,0,0,0,0,0,0
14334,0,0,12,0,12,0,0,0,0,0,0,0,0
14537,0,0,12,0,12,0,0,0,0,0,0,0,0
14738,0,0,12,0,12,0,0,0,0,0,0,0,0
14942,0,0,12,0,12,0,0,0,0,0,0,0,0
15147,0,0,12,0,12,0,0,0,0,0,0,0,0
15341,0,0,12,0,12,0,0,0,0,0,0,0,0
15550,0,0,12,0,12,0,0,0,0,0,0,0,0
15735,0,0,12,0,12,0,0,0,0,0,0,0,0
15942,0,0,12,0,12,0,0,0,0,0,0,0,0
16144,0,0,12,0,12,0,0,0,0,0,0,0,0
16333,0,0,12,0,12,0,0,0,0,0,0,0,0
16533,0,0,12,0,12,0,0,0,0,0,0,0,0
16732,0,0,12,0,12,0,0,0,0,0,0,0,0
16932,0,0,12,0,12,0,0,0,0,0,0,0,0
17135,0,0,12,0,12,0,0,0,0,0,0,0,0
17345,0,0,12,0,12,0,0,0,0,0,0,0,0
17533,0,0,12,0,12,0,0,0,0,0,0,0,0
17744,0,-103,116,0,12,100,0,0,0,0,0,0,0
17932,0,-103,116,0,12,100,0,0,0,0,0,0,0
18134,0,-103,116,0,12,100,0,0,0,0,0,0,0
18340,0,-103,116,0,12,100,0,0,0,0,0,0,0
18546,0,-103,116,0,12,100,0,0,0,0,0,0,0
18745,0,-103,116,0,12,100,0,0,0,0,0,0,0
18935,0,-103,116,0,12,100,0,0,0,0,0,0,0
19135,0,-103,116,0,12,100,0,0,0,0,0,0,0
19339,0,-103,116,0,12,100,0,0,0,0,0,0,0
19543,0,-103,116,0,12,100,0,0,0,0,0,0,0
19733,0,-103,116,0,12,100,0,0,0,0,0,0,0
19933,0,-103,116,0,12,100,0,0,0,0,0,0,0
20151,0,-103,116,0,12,100,0,0,0,0,0,0,0
20336,0,-103,116,0,12,100,0,0,0,0,0,0,0
20545,0,-103,116,0,12,100,0,0,0,0,0,0,0
20745,0,-103,116,0,12,100,0,0,0,0,0,0,0
20933,0,-103,116,0,12,100,0,0,0,0,0,0,0
21135,0,-103,116,0,12,100,0,0,0,0,0,0,0
21339,0,-103,116,0,12,100,0,0,0,0,0,0,0
21539,0,-103,116,0,12,100,0,0,0,0,0,0,0
21741,0,-181,194,0,12,97,0,0,77,75,0,0,0
21933,0,-181,194,0,12,97,0,0,77,75,0,0,0
22147,0,-181,194,0,12,97,0,0,77,75,0,0,0
22335,0,-181,194,0,12,97,0,0,77,75,0,0,0
22534,0,-181,194,0,12,97,0,0,77,75,0,0,0
22737,0,-181,194,0,12,97,0,0,77,75,0,0,0
22945,0,-181,194,0,12,97,0,0,77,75,0,0,0
23133,0,-181,194,0,12,97,0,0,77,75,0,0,0
23334,0,-181,194,0,12,97,0,0,77,75,0,0,0
23532,0,-181,194,0,12,97,0,0,77,75,0,0,0
23743,0,-181,194,0,12,97,0,0,77,75,0,0,0
23940,0,-181,194,0,12,97,0,0,77,75,0,0,0
24133,0,-181,194,0,12,97,0,0,77,75,0,0,0
24348,0,-181,194,0,12,97,0,0,77,75,0,0,0
24537,0,-181,194,0,12,97,0,0,77,75,0,0,0
24737,0,-181,194,0,12,97,0,0,77,75,0,0,0
24938,0,-181,194,0,12,97,0,0,77,75,0,0,0
25143,0,-181,194,0,12,97,0,0,77,75,0,0,0
25334,0,-181,194,0,12,97,0,0,77,75,0,0,0
25535,0,-181,194,0,12,97,0,0,77,75,0,0,0
25737,0,-256,269,0,12,94,37,0,111,71,35,0,0
25937,0,-255,268,0,12,94,37,0,111,71,35,0,0
26141,0,-255,268,0,12,94,37,0,110,71,35,0,0
26358,0,-255,267,0,12,94,37,0,110,71,35,0,0
26550,0,-255,267,0,12,94,37,0,110,71,35,0,0
26739,0,-255,267,0,12,94,37,0,110,71,35,0,0
26936,0,-255,267,0,12,94,37,0,110,71,35,0,0
27143,0,-255,267,0,12,94,37,0,110,71,35,0,0
27343,0,-255,267,0,12,94,37,0,110,71,35,0,0
27531,0,-255,267,0,12,94,37,0,110,71,35,0,0
27732,0,-255,267,0,12,94,37,0,110,71,35,0,0
27936,0,-255,267,0,12,94,37,0,110,71,35,0,0
28140,0,-255,267,0,12,94,37,0,110,71,35,0,0
28341,0,-255,267,0,12,94,37,0,110,71,35,0,0
28546,0,-255,267,0,12,94,37,0,110,71,35,0,0
28748,0,-255,267,0,12,94,37,0,110,71,35,0,0
28934,0,-255,267,0,12,94,37,0,110,71,35,0,0
29138,0,-255,267,0,12,94,37,0,110,71,35,0,0
29342,0,-255,267,0,12,94,37,0,110,71,35,0,0
29542,0,-255,267,0,12,94,37,0,110,71,35,0,0
29733,0,-429,441,0,12,87,35,104,167,64,32,64,0
29950,0,-429,441,0,12,87,35,105,167,64,32,64,0
30135,0,-429,441,0,12,87,35,105,167,64,32,64,0
30332,0,-429,441,0,12,87,35,105,167,64,32,64,0
30543,0,-429,441,0,12,87,35,105,167,64,32,64,0
30746,0,-429,441,0,12,87,35,105,167,64,32,64,0
30949,0,-429,441,0,12,87,35,105,167,64,32,64,0
31132,0,-429,441,0,12,87,35,105,167,64,32,64,0
31333,0,-429,441,0,12,87,35,105,167,64,32,64,0
31535,0,-429,441,0,12,87,35,105,167,64,32,64,0
31740,0,-429,441,0,12,87,35,105,167,64,32,64,0
31945,0,-429,441,0,12,87,35,105,167,64,32,64,0
32131,0,-429,441,0,12,87,35,105,167,64,32,64,0
32333,0,-429,441,0,12,87,35,105,167,64,32,64,0
32531,0,-429,441,0,12,87,35,105,167,64,32,64,0
32747,0,-429,441,0,12,87,35,105,167,64,32,64,0
32939,0,-429,441,0,12,87,35,105,167,64,32,64,0
33148,0,-429,441,0,12,87,35,105,167,64,32,64,0
33350,0,-429,441,0,12,87,35,105,167,64,32,64,0
33531,0,-429,441,0,12,87,35,105,167,64,32,64,0
33734,0,0,0,0,0,0,0,0,0,0,0,0,0
33937,0,0,0,0,0,0,0,0,0,0,0,0,0
34147,0,0,0,0,0,0,0,0,0,0,0,0,0
34333,0,0,0,0,0,0,0,0,0,0,0,0,0
34550,0,0,0,0,0,0,0,0,0,0,0,0,0
34738,0,0,0,0,0,0,0,0,0,0,0,0,0
34944,0,0,0,0,0,0,0,0,0,0,0,0,0
35141,0,0,0,0,0,0,0,0,0,0,0,0,0
35334,0,0,0,0,0,0,0,0,0,0,0,0,0
35534,0,0,0,0,0,0,0,0,0,0,0,0,0
35733,0,0,0,0,0,0,0,0,0,0,0,0,0
35934,0,0,0,0,0,0,0,0,0,0,0,0,0
36138,0,0,0,0,0,0,0,0,0,0,0,0,0
36343,0,0,0,0,0,0,0,0,0,0,0,0,0
36547,0,0,0,0,0,0,0,0,0,0,0,0,0
36732,0,0,0,0,0,0,0,0,0,0,0,0,0
36934,0,0,0,0,0,0,0,0,0,0,0,0,0
37139,0,0,0,0,0,0,0,0,0,0,0,0,0
37337,0,0,0,0,0,0,0,0,0,0,0,0,0
37549,0,0,0,0,0,0,0,0,0,0,0,0,0
37736,0,0,0,0,0,0,0,0,0,0,0,0,0
37952,0,0,0,0,0,0,0,0,0,0,0,0,0
38138,0,0,0,0,0,0,0,0,0,0,0,0,0
38343,0,0,0,0,0,0,0,0,0,0,0,0,0
38544,0,0,0,0,0,0,0,0,0,0,0,0,0
38749,0,0,0,0,0,0,0,0,0,0,0,0,0
38948,0,0,0,0,0,0,0,0,0,0,0,0,0
39135,0,0,0,0,0,0,0,0,0,0,0,0,0
39341,0,0,0,0,0,0,0,0,0,0,0,0,0
39537,0,0,0,0,0,0,0,0,0,0,0,0,0
39744,0,0,0,0,0,0,0,0,0,0,0,0,0
39934,0,0,0,0,0,0,0,0,0,0,0,0,0
40131,0,0,0,0,0,0,0,0,0,0,0,0,0
40331,0,0,0,0,0,0,0,0,0,0,0,0,0
40537,0,0,0,0,0,0,0,0,0,0,0,0,0
40738,0,0,0,0,0,0,0,0,0,0,0,0,0
40949,0,0,0,0,0,0,0,0,0,0,0,0,0
41148,0,0,0,0,0,0,0,0,0,0,0,0,0
41333,0,0,0,0,0,0,0,0,0,0,0,0,0
41533,0,0,0,0,0,0,0,0,0,0,0,0,0
41735,0,0,0,0,0,94,0,0,0,0,0,0,95
41940,0,0,0,0,0,94,0,0,0,0,0,0,95
42147,0,0,0,0,0,96,0,0,1,0,0,0,97
42349,0,-3,3,0,0,98,0,0,0,0,0,0,96
42536,0,-2,0,2,0,101,0,0,0,0,0,0,100
42735,0,0,0,0,0,102,0,0,0,0,0,0,102
42937,0,0,0,0,0,101,0,0,0,0,0,0,103
43147,0,0,0,0,0,101,0,0,0,0,0,0,102
43334,0,0,0,0,0,101,0,0,0,0,0,0,102
43534,0,0,0,0,0,101,0,0,0,0,0,0,102
43738,0,0,0,0,0,101,0,0,0,0,0,0,102
43938,0,0,0,0,0,101,0,0,0,0,0,0,102
44144,0,0,0,0,0,101,0,0,0,0,0,0,102
44333,0,0,0,0,0,101,0,0,0,0,0,0,102
44534,0,0,0,0,0,101,0,0,0,0,0,0,102
44732,0,0,0,0,0,101,0,0,0,0,0,0,102
44943,0,0,0,0,0,101,0,0,0,0,0,0,102
45136,0,0,0,0,0,101,0,0,0,0,0,0,102
45346,0,0,0,0,0,101,0,0,0,0,0,0,102
45542,0,0,0,0,0,100,0,0,0,0,0,0,101
45742,0,9,1,0,10,89,0,0,71,69,0,0,170
45937,0,6,3,1,11,91,0,0,72,70,0,0,171
46137,0,8,1,0,11,94,0,0,74,72,0,0,177
46342,0,10,0,0,11,95,0,0,76,74,0,0,182
46532,0,10,0,0,11,97,0,0,76,74,0,0,184
46734,0,10,0,0,11,97,0,0,77,75,0,0,185
46950,0,10,0,0,11,98,0,0,77,75,0,0,186
47136,0,10,0,0,11,98,0,0,78,75,0,0,187
47343,0,10,0,0,11,98,0,0,78,76,0,0,187
47546,0,10,0,0,11,98,0,0,78,76,0,0,188
47732,0,10,0,0,11,98,0,0,78,76,0,0,188
47931,0,10,0,0,11,99,0,0,78,76,0,0,188
48141,0,10,0,0,11,99,0,0,78,76,0,0,188
48341,0,10,0,0,11,99,0,0,78,76,0,0,189
48543,0,10,0,0,11,99,0,0,78,76,0,0,189
48732,0,10,0,0,11,99,0,0,78,76,0,0,189
48951,0,10,0,0,11,99,0,0,78,76,0,0,189
49132,0,10,0,0,11,99,0,0,78,76,0,0,189
49340,0,10,0,0,11,99,0,0,78,76,0,0,189
49543,0,10,0,0,11,99,0,0,78,76,0,0,189
49741,0,9,1,0,11,93,37,0,109,70,35,0,249
49934,0,9,1,0,11,92,37,0,108,70,35,0,248
50134,0,9,1,0,11,94,37,0,110,71,35,0,252
50338,0,10,0,0,11,95,38,0,112,72,36,0,256
50537,0,10,0,0,11,96,38,0,113,73,36,0,258
50742,0,10,0,0,11,97,38,0,113,73,36,0,260
50947,0,10,0,0,11,97,38,0,114,73,36,0,261
51151,0,10,0,0,11,97,39,0,114,73,37,0,261
51351,0,10,0,0,11,97,39,0,114,74,37,0,262
51545,0,10,0,0,11,97,39,0,114,74,37,0,262
51738,0,10,0,0,11,97,39,0,114,74,37,0,262
51944,0,10,0,0,11,97,39,0,114,74,37,0,262
52135,0,10,0,0,11,98,39,0,115,74,37,0,263
52334,0,10,0,0,11,98,39,0,115,74,37,0,263
52538,0,10,0,0,11,98,39,0,115,74,37,0,263
52739,0,10,0,0,11,98,39,0,115,74,37,0,263
52947,0,10,0,0,11,98,39,0,115,74,37,0,263
53134,0,10,0,0,11,98,39,0,115,74,37,0,263
53335,0,10,0,0,11,98,39,0,115,74,37,0,263
53536,0,10,0,0,11,98,39,0,115,74,37,0,263
53737,0,8,1,0,10,87,35,104,102,66,33,0,338
53939,0,7,2,0,10,88,35,105,103,66,33,0,340
54150,0,7,2,0,10,90,36,109,106,68,34,0,351
54350,0,9,1,0,11,93,37,111,109,70,35,0,361
54553,0,9,1,0,11,94,37,113,110,71,35,0,366
54732,0,9,1,0,11,94,37,113,111,71,36,0,368
54942,0,9,1,0,11,95,38,114,111,72,36,0,369
55139,0,9,1,0,11,95,38,114,111,72,36,0,369
55349,0,9,1,0,11,95,38,114,112,72,36,0,370
55533,0,9,1,0,11,95,38,114,112,72,36,0,371
55737,0,9,1,0,11,95,38,114,112,72,36,0,371
55938,0,9,1,0,11,95,38,114,112,72,36,0,372
56135,0,9,1,0,11,95,38,115,112,72,36,0,372
56338,0,10,1,0,11,96,38,115,112,72,36,0,372
56546,0,10,1,0,11,96,38,115,112,72,36,0,373
56734,0,10,1,0,11,96,38,115,112,72,36,0,373
56935,0,10,1,0,11,96,38,115,112,72,36,0,373
57139,0,10,1,0,11,96,38,115,112,72,36,0,373
57342,0,10,1,0,11,96,38,115,112,72,36,0,373
57546,0,10,1,0,11,96,38,115,112,72,36,0,373
57748,0,8,1,0,10,89,35,107,171,65,32,65,414
57935,0,8,1,0,10,89,35,107,171,65,32,65,414
58141,0,9,1,0,10,91,36,109,175,67,33,67,423
58336,0,9,1,0,11,93,37,111,178,68,34,68,430
58547,0,9,1,0,11,94,37,112,180,68,34,68,434
58746,0,9,1,0,11,94,37,113,180,69,34,69,436
58951,0,9,1,0,11,94,37,113,180,69,34,69,436
59134,0,9,1,0,11,94,37,113,180,69,34,69,436
59337,0,9,1,0,11,94,37,113,180,69,34,69,437
59543,0,9,1,0,11,94,37,113,181,69,34,69,437
59743,0,9,1,0,11,94,37,113,181,69,34,69,437
59935,0,9,1,0,11,94,37,113,181,69,34,69,438
60149,0,9,1,0,11,94,37,113,181,69,34,69,438
60382,0,9,1,0,11,94,37,113,181,69,34,69,438
60722,0,9,1,0,11,95,38,113,181,69,34,69,439
60972,0,9,1,0,11,95,38,114,181,69,34,69,439
61223,0,9,1,0,11,95,38,114,181,69,34,69,439
61461,0,9,1,0,11,95,38,114,181,69,34,69,439
61667,0,9,1,0,11,95,38,114,181,69,34,69,439
61889,0,9,1,0,11,95,38,114,181,69,34,69,439
62092,0,9,1,0,11,95,38,114,181,69,34,69,439
62112,0,9,1,0,11,95,38,114,181,69,34,69,439
62280,0,9,1,0,11,95,38,114,182,69,34,69,439
62495,0,9,1,0,11,95,38,114,182,69,34,69,439
62570,0,9,1,0,11,95,38,114,182,69,34,69,439
62737,0,9,1,0,11,95,38,114,182,69,34,69,439
62942,0,9,1,0,11,95,38,114,182,69,34,69,439
63147,0,-54,67,4,17,0,57,0,169,109,54,0,173
63334,0,85,85,-155,15,0,51,0,151,97,48,0,289
63550,0,-182,6,192,16,0,53,0,157,101,51,0,29
63739,0,-160,-23,197,13,0,45,0,133,86,43,0,19
63943,0,-112,129,-3,13,0,45,0,133,86,43,0,67
64140,0,-111,129,-4,13,0,44,0,130,84,42,0,64
64334,0,-111,129,-4,13,0,43,0,127,82,41,0,59
64532,0,-111,127,-2,13,0,42,0,125,80,40,0,56
64735,0,-112,126,-1,12,0,42,0,123,79,39,0,54
64935,0,-112,125,0,12,0,41,0,122,79,39,0,52
65145,0,-112,125,0,12,0,41,0,121,78,39,0,51
65349,0,-112,125,0,12,0,41,0,121,78,39,0,50
65535,0,-112,124,0,12,0,41,0,120,77,39,0,50
65735,0,-112,124,0,12,0,41,0,120,77,38,0,49
65941,0,-112,124,0,12,0,40,0,120,77,38,0,49
66285,0,-112,124,0,12,0,40,0,119,77,38,0,49
66623,0,-111,124,0,12,0,40,0,119,77,38,0,49
66870,0,-111,124,0,12,0,40,0,119,77,38,0,48
66884,0,-111,124,0,12,0,40,0,119,77,38,0,48
66970,0,-111,124,0,12,0,40,0,119,76,38,0,48
67141,0,-111,124,0,12,0,40,0,119,76,38,0,48
67344,0,-111,124,0,12,0,40,0,118,76,38,0,48
67538,0,-111,124,0,12,0,40,0,118,76,38,0,48
67739,0,-111,124,0,12,0,40,0,118,76,38,0,48
67936,0,-106,118,0,12,0,40,0,118,76,38,0,53
68137,0,7,0,5,12,0,40,0,117,75,37,0,165
68339,0,11,0,0,12,0,40,0,118,76,38,0,171
68542,0,12,1,-1,12,0,40,0,118,76,38,0,171
68745,0,12,1,0,12,0,40,0,117,76,38,0,170
68937,0,11,0,0,12,0,40,0,117,76,38,0,170
69132,0,11,0,0,12,0,40,0,117,76,38,0,170
69338,0,11,0,0,12,0,40,0,117,76,38,0,170
69540,0,11,0,0,12,0,40,0,117,76,38,0,170
69739,0,11,0,0,12,0,40,0,117,76,38,0,170
69950,0,11,0,0,12,0,40,0,117,76,38,0,170
70141,0,11,0,0,12,0,40,0,117,76,38,0,170
70339,0,11,0,0,12,0,40,0,117,76,38,0,170
70540,0,11,0,0,12,0,40,0,117,76,38,0,170
70742,0,11,0,0,12,0,40,0,117,76,38,0,170
70951,0,11,0,0,12,0,40,0,117,76,38,0,170
71149,0,11,0,0,12,0,40,0,117,76,38,0,170
71351,0,11,0,0,12,0,40,0,117,76,38,0,170
71551,0,11,0,0,12,0,40,0,117,76,38,0,170
71738,0,11,0,0,12,0,40,0,117,76,38,0,170
71938,0,11,0,0,12,0,40,0,118,76,38,0,170
72156,0,11,0,0,12,0,40,0,118,76,38,0,170
72348,0,11,0,0,12,0,40,0,118,76,38,0,170
72536,0,11,5,-5,11,0,38,0,114,73,36,0,164
72736,0,8,5,-3,11,0,37,0,109,70,35,0,155
72946,0,7,3,0,10,0,36,0,107,69,34,0,153
73132,0,11,-2,2,11,0,37,0,110,71,35,0,160
73349,0,11,-2,1,11,0,38,0,112,72,36,0,163
73549,0,11,-1,1,11,0,38,0,113,73,36,0,164
73733,0,10,0,0,11,0,39,0,114,74,37,0,165
73939,0,10,0,0,11,0,39,0,115,74,37,0,165
74145,0,10,0,0,11,0,39,0,115,74,37,0,166
74345,0,10,0,0,11,0,39,0,115,74,37,0,166
74535,0,10,0,0,11,0,39,0,115,74,37,0,166
74740,0,10,0,0,11,0,39,0,115,74,37,0,166
74936,0,10,0,0,11,0,39,0,115,74,37,0,166
75138,0,10,0,0,11,0,39,0,116,74,37,0,167
75342,0,10,0,0,11,0,39,0,116,74,37,0,167
75548,0,10,0,0,11,0,39,0,116,75,37,0,167
75733,86,11,0,0,11,0,40,0,118,76,38,0,84
75939,89,10,0,0,11,0,39,0,116,75,37,0,78
76140,99,9,1,0,11,0,38,0,114,73,36,0,65
76338,118,9,1,0,11,0,38,0,112,72,36,0,45
76540,130,9,1,0,11,0,38,0,112,72,36,0,32
76747,136,9,1,0,11,0,38,0,111,72,36,0,25
76948,139,9,1,0,11,0,38,0,112,72,36,0,22
77133,140,9,1,0,11,0,38,0,112,72,36,0,22
77344,139,9,1,0,11,0,38,0,112,72,36,0,23
77545,138,9,1,0,11,0,38,0,112,72,36,0,25
77734,135,9,1,0,11,0,38,0,113,73,36,0,27
77933,133,9,1,0,11,0,38,0,113,73,36,0,29
78151,132,9,1,0,11,0,38,0,113,73,36,0,31
78340,130,9,1,0,11,0,38,0,113,73,36,0,33
78544,130,9,1,0,11,0,38,0,113,73,36,0,33
78744,129,9,1,0,11,0,38,0,113,73,36,0,34
78935,129,9,1,0,11,0,38,0,113,73,36,0,34
79137,129,9,1,0,11,0,38,0,113,73,36,0,34
79332,129,9,1,0,11,0,38,0,113,73,36,0,34
79542,129,9,1,0,11,0,38,0,113,73,36,0,34
79742,129,9,1,0,11,0,38,0,113,73,36,0,34
79947,129,9,1,0,11,0,38,0,113,73,36,0,34
80132,129,9,1,0,11,0,38,0,113,73,36,0,34
80340,91,10,1,0,11,0,39,0,116,75,37,0,76
80542,222,8,1,0,11,91,36,110,175,67,33,67,203
80742,278,9,1,0,11,91,36,109,175,67,33,67,145
80948,265,9,1,0,11,92,36,110,176,67,33,67,162
81150,255,9,1,0,11,92,37,111,177,68,34,68,174
81338,250,9,1,0,11,92,37,111,177,68,34,68,180
81537,248,9,1,0,11,92,37,111,177,68,34,68,182
81737,248,9,1,0,11,92,37,111,177,67,34,67,181
81940,248,9,1,0,11,92,37,111,177,67,33,67,180
82149,250,9,1,0,11,92,36,110,176,67,33,67,178
82335,251,9,1,0,11,92,36,110,176,67,33,67,176
82540,252,9,1,0,11,92,36,110,176,67,33,67,174
82736,253,9,1,0,11,92,36,110,176,67,33,67,173
82937,254,9,1,0,11,92,36,110,176,67,33,67,172
83145,255,9,1,0,11,92,36,110,176,67,33,67,172
83349,255,9,1,0,11,92,36,110,176,67,33,67,171
83536,255,9,1,0,11,92,36,110,176,67,33,67,171
83735,255,9,1,0,11,92,36,110,176,67,33,67,171
83941,255,9,1,0,11,92,36,110,176,67,33,67,171
84138,258,13,-2,0,11,92,36,110,176,67,33,67,173
84353,357,124,-114,0,11,91,36,109,174,66,33,66,185
84547,448,234,-223,0,11,89,35,107,171,65,32,65,199
84741,548,341,-331,0,10,87,35,105,167,64,32,64,203
84937,649,445,-435,0,10,85,34,102,162,62,31,62,205
85143,688,465,-455,0,10,83,33,100,160,61,30,61,183
85339,696,464,-454,0,10,83,33,100,160,61,30,61,172
85550,696,464,-454,0,10,83,33,100,160,61,30,61,172
85734,696,464,-454,0,10,83,33,100,160,61,30,61,172
85940,697,464,-454,0,10,83,33,100,160,61,30,61,171
86140,697,464,-454,0,10,83,33,100,160,61,30,61,171
86344,697,464,-454,0,10,83,33,100,160,61,30,61,171
86542,697,464,-454,0,10,83,33,100,160,61,30,61,171
86748,697,464,-454,0,10,83,33,100,160,61,30,61,171
86953,697,464,-454,0,10,83,33,100,160,61,30,61,171
87141,697,464,-454,0,10,83,33,100,160,61,30,61,171
87345,697,464,-454,0,10,83,33,100,160,61,30,61,171
87543,697,464,-454,0,10,83,33,100,160,61,30,61,171
87747,697,464,-454,0,10,83,33,100,160,61,30,61,172
87933,697,464,-454,0,10,83,33,100,160,61,30,61,172
88153,697,464,-454,0,10,83,33,100,160,61,30,61,172
88337,697,464,-454,0,10,83,33,100,160,61,30,61,172
88545,668,458,-447,0,10,82,33,99,158,60,30,60,182
88744,539,476,-465,0,10,90,36,0,106,68,34,0,185
88950,421,482,-471,0,11,94,37,0,111,71,36,0,317
89136,402,480,-469,0,11,95,38,0,111,72,36,0,334
89341,381,476,-465,0,11,95,38,0,111,72,36,0,350
89538,363,472,-461,0,10,94,37,0,111,71,36,0,363
89747,355,467,-456,0,10,94,37,0,110,71,35,0,366
89942,347,460,-450,0,10,93,37,0,109,70,35,0,367
90137,341,454,-444,0,10,92,36,0,108,69,35,0,368
90335,346,450,-440,0,9,91,36,0,107,69,34,0,359
90538,352,450,-439,0,9,91,36,0,107,69,34,0,351
90751,354,449,-439,0,9,91,36,0,106,69,34,0,349
90945,355,449,-439,0,9,91,36,0,106,69,34,0,347
91148,357,449,-439,0,9,91,36,0,106,68,34,0,345
91345,358,449,-439,0,9,90,36,0,106,68,34,0,344
91533,358,449,-439,0,9,90,36,0,106,68,34,0,343
91740,358,449,-439,0,9,90,36,0,106,68,34,0,343
91946,358,449,-439,0,9,91,36,0,106,68,34,0,343
92145,358,449,-439,0,9,91,36,0,106,69,34,0,343
92350,346,438,-429,1,9,90,36,0,106,68,34,0,346
92534,347,438,-429,1,9,90,36,0,106,68,34,0,344
92740,348,438,-429,1,9,90,36,0,106,68,34,0,344
92957,348,438,-429,1,9,90,36,0,106,68,34,0,344
93147,338,434,-425,1,9,90,36,0,106,68,34,0,353
93333,330,428,-419,1,9,89,35,0,105,67,33,0,358
93545,328,422,-413,1,9,88,35,0,103,67,33,0,358
93732,325,415,-407,1,8,87,34,0,102,66,33,0,359
93941,324,408,-400,1,8,86,34,0,101,65,32,0,360
94144,323,401,-393,1,8,84,33,0,99,64,32,0,361
94349,323,394,-386,1,8,83,33,0,98,63,31,0,361
94547,323,387,-379,1,7,82,32,0,96,62,31,0,362
94736,325,379,-372,1,7,80,32,0,94,61,30,0,363
94938,327,372,-365,1,7,79,31,0,93,60,30,0,364
95137,330,364,-357,1,6,78,31,0,91,59,29,0,364
95344,333,356,-350,1,6,76,30,0,89,57,29,0,365
95551,338,348,-342,2,6,74,29,0,87,56,28,0,366
95748,354,346,-340,2,6,74,29,0,87,56,28,0,348
95940,358,345,-339,2,6,74,29,0,87,56,28,0,344
96135,357,345,-339,2,6,74,29,0,87,56,28,0,344
96346,358,346,-340,2,6,74,29,0,87,56,28,0,344
96541,650,280,-276,2,4,52,21,63,61,39,19,0,0
96752,649,289,-286,2,4,54,21,65,63,41,20,0,0
96931,648,299,-294,2,4,55,22,67,65,42,21,0,0
97140,647,308,-303,2,5,57,23,69,67,43,21,0,0
97336,648,316,-311,2,5,59,23,70,69,44,22,0,0
97547,648,317,-312,2,5,59,23,71,69,44,22,0,0
97732,648,317,-312,2,5,59,23,71,69,44,22,0,0
97951,648,317,-312,2,5,59,23,71,69,44,22,0,0
98238,648,317,-312,2,5,59,23,71,69,44,22,0,0
98404,648,317,-312,2,5,59,23,71,69,44,22,0,0
98564,331,0,-4976,4979,0,86,34,104,101,65,32,0,0
98751,331,0,-5142,5144,0,86,34,104,101,65,32,0,0
98934,331,0,-5027,5029,0,86,34,104,101,65,32,0,0
99134,331,0,-4896,4898,0,86,34,104,101,65,32,0,0
99341,331,0,-4937,4940,0,86,34,104,101,65,32,0,0
99548,331,0,-5112,5115,0,86,34,104,101,65,32,0,0
99749,331,0,-5105,5107,0,86,34,104,101,65,32,0,0
99945,331,0,-4933,4935,0,86,34,104,101,65,32,0,0
1.0021e+005,331,0,-4897,4899,0,86,34,104,101,65,32,0,0
1.0039e+005,331,0,-5031,5034,0,86,34,104,101,65,32,0,0
1.0055e+005,331,0,-5139,5142,0,86,34,104,101,65,32,0,0
1.0075e+005,331,0,-5011,5013,0,86,34,104,101,65,32,0,0
1.0095e+005,331,0,-4891,4893,0,86,34,104,101,65,32,0,0
1.0115e+005,331,0,-4929,4932,0,86,34,104,101,65,32,0,0
1.0134e+005,382,0,-4981,4983,0,83,33,100,159,61,30,61,0
1.0154e+005,382,0,-4786,4788,0,83,33,100,159,61,30,61,0
1.0174e+005,382,0,-4502,4503,0,83,33,100,159,61,30,61,0
1.0195e+005,382,0,-2600,2602,0,83,33,100,159,61,30,61,0
1.0213e+005,382,0,-2352,2354,0,83,33,100,159,61,30,61,0
1.0235e+005,382,0,-2180,2181,0,83,33,100,159,61,30,61,0
1.0254e+005,382,0,0,0,0,83,33,100,159,61,30,61,0
1.0273e+005,390,9,0,0,9,83,33,99,158,60,30,60,0
1.0294e+005,390,9,0,0,9,83,33,99,158,60,30,60,0
1.0314e+005,390,9,0,0,9,83,33,99,158,60,30,60,0
1.0334e+005,390,9,0,0,9,83,33,99,158,60,30,60,0
1.0355e+005,396,7,2,0,10,85,34,102,162,62,31,62,0
1.0374e+005,410,8,1,0,11,87,34,104,166,63,31,63,0
1.0394e+005,426,9,1,0,11,88,35,106,170,65,32,65,0
1.0414e+005,441,11,0,0,11,90,36,108,172,66,33,66,0
1.0434e+005,445,11,0,0,12,90,36,108,172,66,33,66,0
1.0454e+005,445,11,0,0,12,90,36,108,172,66,33,66,0
1.0474e+005,445,11,0,0,12,90,36,108,172,66,33,66,0
1.0493e+005,445,11,0,0,12,90,36,108,172,66,33,66,0
1.0514e+005,445,11,0,0,12,90,36,108,172,66,33,66,0
1.0534e+005,445,11,0,0,12,90,36,108,172,66,33,66,0
1.0555e+005,436,10,1,0,11,89,35,107,171,65,32,65,0
1.0573e+005,436,10,0,0,11,89,35,107,171,65,32,65,0
1.0593e+005,436,10,0,0,11,89,35,107,171,65,32,65,0
1.0614e+005,436,10,0,0,11,89,35,107,171,65,32,65,0
1.0634e+005,436,10,0,0,11,89,35,107,171,65,32,65,0
1.0654e+005,436,10,0,0,11,89,35,107,171,65,32,65,0
1.0675e+005,436,10,0,0,11,89,35,107,171,65,32,65,0
1.0695e+005,436,10,0,0,11,89,35,107,171,65,32,65,0
1.0715e+005,436,10,0,0,11,89,35,107,171,65,32,65,0
1.0734e+005,436,10,0,0,11,89,35,107,171,65,32,65,0
1.0755e+005,436,10,0,0,11,89,35,107,171,65,32,65,0
1.0775e+005,436,10,0,0,11,89,35,107,171,65,32,65,0
1.0795e+005,436,10,0,0,11,89,35,107,171,65,32,65,0
1.0814e+005,436,10,0,0,11,89,35,107,171,65,32,65,0
1.0834e+005,436,10,0,0,11,89,35,107,171,65,32,65,0
1.0855e+005,436,10,0,0,11,89,35,107,171,65,32,65,0
1.0873e+005,436,10,0,0,11,89,35,107,171,65,32,65,0
1.0895e+005,436,10,0,0,11,89,35,107,171,65,32,65,0
1.0914e+005,436,10,0,0,11,89,35,107,171,65,32,65,0
1.0934e+005,436,10,0,0,11,89,35,107,171,65,32,65,0
1.0954e+005,399,9,0,0,10,85,34,102,162,62,31,62,0
1.0974e+005,393,9,0,0,10,84,33,100,160,61,30,61,0
1.0995e+005,393,9,0,0,10,84,33,100,160,61,30,61,0
1.1015e+005,393,9,0,0,10,84,33,100,160,61,30,61,0
1.1035e+005,393,9,0,0,10,84,33,100,160,61,30,61,0
1.1053e+005,393,9,0,0,10,84,33,100,160,61,30,61,0
1.1074e+005,393,9,0,0,10,84,33,100,160,61,30,61,0
1.1094e+005,393,9,0,0,10,84,33,100,160,61,30,61,0
1.1115e+005,393,9,0,0,10,84,33,100,160,61,30,61,0
1.1135e+005,393,9,0,0,10,84,33,100,160,61,30,61,0
1.1154e+005,393,9,0,0,10,84,33,100,160,61,30,61,0
1.1174e+005,393,9,0,0,10,84,33,100,160,61,30,61,0
1.1194e+005,393,9,0,0,10,84,33,100,160,61,30,61,0
1.1214e+005,393,9,0,0,10,84,33,100,160,61,30,61,0
1.1235e+005,393,9,0,0,10,84,33,100,160,61,30,61,0
1.1254e+005,393,9,0,0,10,84,33,100,160,61,30,61,0
1.1274e+005,393,9,0,0,10,84,33,100,160,61,30,61,0
1.1294e+005,393,9,0,0,10,84,33,100,160,61,30,61,0
1.1315e+005,393,9,0,0,10,84,33,100,160,61,30,61,0
1.1334e+005,393,9,0,0,10,84,33,100,160,61,30,61,0
1.1354e+005,390,9,0,0,9,83,33,99,159,61,30,61,0
1.1374e+005,389,8,0,0,9,83,33,99,158,60,30,60,0
1.1394e+005,389,8,0,0,9,83,33,99,158,60,30,60,0
1.1414e+005,389,8,0,0,9,83,33,99,158,60,30,60,0
1.1434e+005,389,8,0,0,9,83,33,99,158,60,30,60,0
1.1454e+005,389,8,0,0,9,83,33,99,158,60,30,60,0
1.1474e+005,389,8,0,0,9,83,33,99,158,60,30,60,0
1.1493e+005,389,8,0,0,9,83,33,99,158,60,30,60,0
1.1514e+005,389,8,0,0,9,83,33,99,158,60,30,60,0
1.1535e+005,389,8,0,0,9,83,33,99,158,60,30,60,0
1.1555e+005,389,8,0,0,9,83,33,99,158,60,30,60,0
1.1574e+005,389,8,0,0,9,83,33,99,158,60,30,60,0
1.1594e+005,389,8,0,0,9,83,33,99,158,60,30,60,0
1.1614e+005,389,8,0,0,9,83,33,99,158,60,30,60,0
1.1634e+005,389,8,0,0,9,83,33,99,158,60,30,60,0
1.1654e+005,389,8,0,0,9,83,33,99,158,60,30,60,0
1.1675e+005,389,8,0,0,9,83,33,99,158,60,30,60,0
1.1694e+005,389,8,0,0,9,83,33,99,158,60,30,60,0
1.1713e+005,389,8,0,0,9,83,33,99,158,60,30,60,0
1.1734e+005,389,8,0,0,9,83,33,99,158,60,30,60,0
1.1754e+005,349,6,1,2,10,86,34,104,165,63,31,63,56
1.1775e+005,-614,2,10,0,12,103,41,124,198,75,37,75,1093
1.1795e+005,280,15,-5,0,10,93,37,112,179,68,34,68,163
1.1815e+005,331,1,7,0,9,86,34,104,166,63,31,63,70
1.1834e+005,226,7,0,1,9,87,34,104,167,64,32,64,191
1.1854e+005,245,6,1,1,9,85,34,102,163,62,31,62,167
1.1874e+005,247,4,3,1,8,82,32,98,157,60,30,60,157
1.1894e+005,252,3,3,1,8,79,31,95,152,58,29,58,149
1.1915e+005,262,2,3,1,8,77,30,92,148,56,28,56,138
1.1934e+005,271,2,4,1,7,75,30,90,144,55,27,55,130
1.1954e+005,263,1,4,1,7,73,29,88,141,54,27,54,142
1.1974e+005,240,1,4,1,7,73,29,87,139,53,26,53,173
1.1995e+005,217,0,4,1,6,72,28,86,137,52,26,52,204
1.2013e+005,194,0,4,1,6,71,28,85,136,52,26,52,238
1.2033e+005,167,0,5,1,6,70,28,84,134,51,25,51,275
1.2054e+005,138,0,5,2,6,69,27,83,133,51,25,51,317
1.2074e+005,105,0,5,2,6,68,27,82,131,50,25,50,363
1.2094e+005,69,0,5,2,5,68,27,81,130,49,24,49,414
1.2113e+005,30,0,5,2,5,67,26,80,128,49,24,49,469
1.2135e+005,-7,0,4,2,5,66,26,80,127,48,24,48,520
1.2154e+005,34,0,6,2,5,71,28,0,83,53,27,0,350
1.2174e+005,38,1,3,2,6,71,28,0,83,54,27,0,346
1.2194e+005,49,0,5,2,6,71,28,0,84,54,27,0,329
1.2214e+005,49,0,5,2,6,71,28,0,84,54,27,0,329
1.2235e+005,49,0,5,2,6,71,28,0,83,54,27,0,329
1.2254e+005,50,0,5,2,6,71,28,0,83,54,27,0,328
1.2274e+005,50,0,5,2,6,71,28,0,83,54,27,0,328
1.2294e+005,51,0,5,2,6,71,28,0,83,54,27,0,327
1.2314e+005,51,0,5,2,6,71,28,0,83,54,27,0,327
1.2335e+005,52,0,5,2,6,71,28,0,83,54,27,0,326
1.2355e+005,334,0,397,-397,0,94,38,0,111,72,36,0,-89
1.2374e+005,562,0,644,-644,0,84,33,0,99,64,32,0,-342
1.2394e+005,645,0,639,-639,0,81,32,0,95,61,31,0,-431
1.2414e+005,261,0,637,-637,0,93,37,0,109,70,35,0,-19
1.2435e+005,103,0,633,-633,0,98,39,0,115,74,37,0,150
1.2455e+005,144,0,631,-630,0,97,38,0,114,73,36,0,106
1.2475e+005,149,0,631,-631,0,97,38,0,114,73,36,0,101
1.2494e+005,149,0,625,-625,0,97,38,0,114,73,36,0,102
1.2514e+005,148,0,625,-625,0,97,38,0,114,73,36,0,102
1.2534e+005,148,0,624,-624,0,97,38,0,114,73,36,0,102
1.2555e+005,148,0,623,-623,0,97,38,0,114,73,36,0,103
1.2574e+005,148,0,0,0,0,97,38,0,114,73,36,0,103
1.2593e+005,148,0,0,0,0,97,38,0,114,73,36,0,103
1.2614e+005,148,0,0,0,0,97,38,0,114,73,36,0,103
1.2634e+005,148,0,0,0,0,97,38,0,114,73,36,0,103
1.2655e+005,148,0,0,0,0,97,38,0,114,73,36,0,103
1.2674e+005,148,0,0,0,0,97,38,0,114,73,36,0,103
1.2695e+005,147,0,0,0,0,97,38,0,114,73,36,0,103
1.2714e+005,147,0,0,0,0,97,38,0,114,73,36,0,103
1.2734e+005,147,0,0,0,0,97,38,0,114,73,36,0,103
1.2754e+005,147,0,0,0,0,97,38,0,114,73,36,0,103
1.2775e+005,153,11,0,0,11,96,38,0,113,73,36,0,108
1.2793e+005,155,11,0,0,11,96,38,0,113,73,36,0,106
1.2815e+005,158,11,0,0,11,96,38,0,113,73,36,0,103
1.2834e+005,156,8,0,3,11,96,38,0,113,73,36,0,102
1.2854e+005,172,11,0,0,11,97,39,0,114,73,36,0,91
1.2875e+005,177,11,0,0,12,98,39,0,115,74,37,0,89
1.2895e+005,181,12,0,0,12,99,39,0,116,75,37,0,90
1.2914e+005,185,12,0,0,12,100,40,0,117,76,38,0,91
1.2933e+005,191,13,0,0,12,101,40,0,118,76,38,0,92
1.2954e+005,175,13,0,0,12,101,40,0,118,76,38,0,106
1.2974e+005,162,12,0,0,12,100,40,0,117,76,38,0,113
1.2994e+005,156,12,0,0,12,99,39,0,116,75,37,0,115
1.3013e+005,150,11,0,0,12,98,39,0,115,74,37,0,116
1.3035e+005,151,11,0,0,11,97,39,0,114,74,37,0,113
1.3055e+005,159,11,0,0,11,97,39,0,114,74,37,0,104
1.3074e+005,160,11,0,0,11,97,39,0,114,73,37,0,103
1.3094e+005,160,11,0,0,11,97,39,0,114,73,37,0,103
1.3113e+005,160,11,0,0,11,97,39,0,114,73,37,0,103
1.3134e+005,160,11,0,0,11,97,39,0,114,73,37,0,103
1.3155e+005,160,11,0,0,11,97,39,0,114,73,37,0,103
1.3174e+005,160,11,0,0,11,97,39,0,114,73,37,0,103
1.3195e+005,160,11,0,0,11,97,39,0,114,73,37,0,103
1.3214e+005,160,11,0,0,11,97,39,0,114,73,37,0,103
1.3236e+005,160,11,0,0,11,97,39,0,114,73,37,0,103
1.3254e+005,160,11,0,0,11,97,39,0,114,73,37,0,103
1.3273e+005,160,11,0,0,11,97,39,0,114,73,37,0,103
1.3294e+005,160,11,0,0,11,97,39,0,114,73,37,0,103
1.3315e+005,160,11,0,0,11,97,39,0,114,73,37,0,103
1.3334e+005,160,11,0,0,11,97,39,0,114,73,37,0,103
1.3355e+005,160,11,0,0,11,97,39,0,114,74,37,0,103
1.3373e+005,137,-62,74,0,12,99,39,0,117,75,37,0,59
1.3394e+005,83,-113,126,0,12,102,41,0,120,77,38,0,71
1.3414e+005,63,-113,127,0,13,103,41,0,121,78,39,0,96
1.3434e+005,56,-113,127,0,13,103,41,0,121,78,39,0,103
1.3453e+005,56,-113,127,0,13,103,41,0,121,78,39,0,103
1.3475e+005,56,-113,127,0,13,103,41,0,121,78,39,0,103
1.3494e+005,56,-113,127,0,13,103,41,0,121,78,39,0,103
1.3514e+005,56,-113,127,0,13,103,41,0,121,78,39,0,103
1.3534e+005,56,-113,127,0,13,103,41,0,121,78,39,0,103
1.3555e+005,56,-113,127,0,13,103,41,0,121,78,39,0,103
1.3575e+005,56,-113,127,0,13,103,41,0,121,78,39,0,103
1.3595e+005,56,-113,127,0,13,103,41,0,121,78,39,0,103
1.3613e+005,56,-113,127,0,13,103,41,0,121,78,39,0,103
1.3634e+005,56,-113,127,0,13,103,41,0,121,78,39,0,103
1.3654e+005,56,-113,127,0,13,103,41,0,121,78,39,0,103
1.3673e+005,56,-113,127,0,13,103,41,0,121,78,39,0,103
1.3694e+005,56,-113,127,0,13,103,41,0,121,78,39,0,103
1.3715e+005,56,-113,127,0,13,103,41,0,121,78,39,0,103
1.3734e+005,56,-113,127,0,13,103,41,0,121,78,39,0,103
1.3754e+005,56,-113,127,0,13,103,41,0,121,78,39,0,103
1.3773e+005,0,-221,234,0,13,104,41,0,122,79,39,0,55
1.3795e+005,0,-254,267,1,13,107,43,0,126,81,40,0,33
1.3813e+005,0,-242,257,0,13,107,42,0,125,81,40,0,46
1.3833e+005,0,-238,253,-1,13,106,42,0,124,80,40,0,47
1.3854e+005,0,-238,253,-1,13,104,41,0,123,79,39,0,43
1.3873e+005,0,-240,254,0,13,104,41,0,122,78,39,0,40
1.3893e+005,0,-241,255,0,13,103,41,0,121,78,39,0,37
1.3915e+005,0,-242,256,0,13,103,41,0,121,78,39,0,36
1.3935e+005,0,-242,256,0,13,103,41,0,120,78,39,0,35
1.3954e+005,0,-242,256,0,13,102,41,0,120,77,39,0,34
1.3974e+005,0,-242,256,0,13,102,41,0,120,77,38,0,34
1.3993e+005,0,-243,256,0,13,102,41,0,120,77,38,0,33
1.4014e+005,0,-242,256,0,13,102,41,0,120,77,38,0,33
1.4033e+005,0,-242,256,0,13,102,41,0,120,77,38,0,33
1.4054e+005,0,-242,256,0,13,102,41,0,120,77,38,0,33
1.4073e+005,0,-242,256,0,13,102,40,0,120,77,38,0,33
1.4094e+005,0,-242,256,0,13,102,40,0,120,77,38,0,33
1.4114e+005,0,-242,256,0,13,102,40,0,120,77,38,0,33
1.4133e+005,0,0,210,-89,120,88,0,0,70,68,0,0,159
1.4155e+005,0,0,85,32,118,87,0,0,69,67,0,0,157
1.4174e+005,0,0,176,-41,134,91,0,0,72,70,0,0,164
1.4194e+005,0,0,126,10,137,94,0,0,74,72,0,0,169
1.4214e+005,0,0,62,35,97,96,0,0,76,74,0,0,172
1.4233e+005,0,0,62,36,99,97,0,0,77,74,0,0,174
1.4253e+005,0,0,51,60,112,97,0,0,77,75,0,0,175
1.4274e+005,0,0,55,47,103,98,0,0,77,75,0,0,176
1.4294e+005,0,0,61,40,101,98,0,0,78,76,0,0,176
1.4314e+005,0,0,50,61,112,98,0,0,78,76,0,0,177
1.4334e+005,0,0,59,41,101,98,0,0,78,76,0,0,177
1.4354e+005,0,0,-14,14,0,99,0,0,78,76,0,0,177
1.4373e+005,0,0,-4,4,0,99,0,0,78,76,0,0,178
1.4394e+005,0,0,1,-1,0,99,0,0,78,76,0,0,178
1.4414e+005,0,0,0,0,0,99,0,0,78,76,0,0,178
1.4436e+005,0,0,0,0,0,99,0,0,78,76,0,0,178
1.4454e+005,0,0,0,0,0,99,0,0,78,76,0,0,178
1.4475e+005,0,0,-1,1,0,99,0,0,78,76,0,0,178
1.4493e+005,0,0,-5,5,0,99,0,0,78,76,0,0,178
1.4514e+005,0,0,-40,40,0,99,0,0,78,76,0,0,178
1.4534e+005,0,0,0,0,0,99,0,0,79,76,0,0,178
1.4554e+005,0,0,0,0,0,99,0,0,79,76,0,0,178
1.4575e+005,0,0,0,0,0,99,0,0,79,76,0,0,178
1.4595e+005,0,0,0,0,0,99,0,0,79,76,0,0,178
1.4613e+005,0,0,0,0,0,99,0,0,79,76,0,0,178
1.4635e+005,0,0,0,0,0,99,0,0,79,76,0,0,178
1.4655e+005,0,0,0,0,0,99,0,0,79,76,0,0,178
1.4675e+005,0,0,0,0,0,99,0,0,79,76,0,0,178
1.4695e+005,0,0,0,0,0,99,0,0,79,76,0,0,178
1.4713e+005,0,0,0,0,0,99,0,0,79,76,0,0,178
1.4734e+005,0,0,0,0,0,99,0,0,79,76,0,0,178
1.4754e+005,0,0,0,0,0,99,0,0,79,76,0,0,178
1.4775e+005,0,0,0,0,0,99,0,0,79,76,0,0,178
1.4796e+005,0,0,0,0,0,99,0,0,79,76,0,0,178
1.4815e+005,0,0,0,0,0,99,0,0,79,76,0,0,178
1.4834e+005,0,0,0,0,0,99,0,0,79,76,0,0,178
1.4854e+005,0,0,0,0,0,99,0,0,79,76,0,0,178
1.4875e+005,0,0,0,0,0,99,0,0,79,76,0,0,178
1.4895e+005,0,0,0,0,0,99,0,0,79,76,0,0,178
1.4915e+005,0,0,0,0,0,99,0,0,79,76,0,0,178
1.4933e+005,0,0,0,0,0,0,0,0,0,0,0,0,0
1.4954e+005,0,0,0,0,0,0,0,0,0,0,0,0,0
1.4974e+005,0,0,0,0,0,0,0,0,0,0,0,0,0
1.4994e+005,0,0,0,0,0,0,0,0,0,0,0,0,0
1.5014e+005,0,0,0,0,0,0,0,0,0,0,0,0,0
1.5033e+005,0,0,0,0,0,0,0,0,0,0,0,0,0
1.5054e+005,0,0,0,0,0,0,0,0,0,0,0,0,0
1.5074e+005,0,0,0,0,0,0,0,0,0,0,0,0,0
1.5094e+005,0,0,0,0,0,0,0,0,0,0,0,0,0
1.5113e+005,0,0,0,0,0,0,0,0,0,0,0,0,0
1.5134e+005,0,0,0,0,0,0,0,0,0,0,0,0,0
1.5153e+005,0,0,0,0,0,0,0,0,0,0,0,0,0
1.5174e+005,0,0,0,0,0,0,0,0,0,0,0,0,0
1.5194e+005,0,0,0,0,0,0,0,0,0,0,0,0,0
1.5214e+005,0,0,0,0,0,0,0,0,0,0,0,0,0
1.5234e+005,0,0,0,0,0,0,0,0,0,0,0,0,0
1.5278e+005,0,0,0,0,0,0,0,0,0,0,0,0,0
1.528e+005,0,0,0,0,0,0,0,0,0,0,0,0,0
1.5294e+005,0,0,0,0,0,0,0,0,0,0,0,0,0
1.5314e+005,0,0,0,0,0,0,0,0,0,0,0,0,0
1.5335e+005,0,0,0,0,0,0,0,0,0,0,0,0,0
1.5353e+005,0,0,0,0,0,0,0,0,0,0,0,0,0
1.5374e+005,0,0,0,0,0,0,0,0,0,0,0,0,0
1.5394e+005,0,0,0,0,0,0,0,0,0,0,0,0,0
1.5415e+005,0,0,0,0,0,0,0,0,0,0,0,0,0
1.5435e+005,0,0,0,0,0,0,0,0,0,0,0,0,0
1.5455e+005,0,0,0,0,0,0,0,0,0,0,0,0,0
1.5474e+005,0,0,0,0,0,0,0,0,0,0,0,0,0
1.5494e+005,0,0,0,0,0,0,0,0,0,0,0,0,0
1.5515e+005,0,0,0,0,0,0,0,0,0,0,0,0,0
1.5535e+005,0,0,0,0,0,0,0,0,0,0,0,0,0
1.5555e+005,0,0,0,0,0,0,0,0,0,0,0,0,0
1.5574e+005,0,0,0,0,0,0,0,0,0,0,0,0,0
1.5594e+005,0,0,0,0,0,0,0,0,0,0,0,0,0
1.5615e+005,0,0,0,0,0,0,0,0,0,0,0,0,0
1.5635e+005,0,0,0,0,0,0,0,0,0,0,0,0,0
1.5655e+005,0,0,0,0,0,0,0,0,0,0,0,0,0
1.5676e+005,0,0,0,0,0,0,0,0,0,0,0,0,0
1.5696e+005,0,0,0,0,0,0,0,0,0,0,0,0,0
1.5715e+005,0,0,0,0,0,0,0,0,0,0,0,0,0
1.5735e+005,0,0,0,0,0,0,0,0,0,0,0,0,0
1.5755e+005,0,0,0,0,0,0,0,0,0,0,0,0,0
1.5774e+005,0,0,0,0,0,0,0,0,0,0,0,0,0
1.5795e+005,0,0,0,0,0,0,0,0,0,0,0,0,0
1.5816e+005,0,0,0,0,0,0,0,0,0,0,0,0,0
1.5835e+005,0,0,0,0,0,0,0,0,0,0,0,0,0
1.5855e+005,0,0,0,0,0,0,0,0,0,0,0,0,0
1.5876e+005,0,0,0,0,0,0,0,0,0,0,0,0,0
1.5894e+005,0,0,0,0,0,0,0,0,0,0,0,0,0
1.5916e+005,0,0,0,0,0,0,0,0,0,0,0,0,0
1.5934e+005,0,0,0,0,0,0,0,0,0,0,0,0,0
1.5955e+005,0,0,0,0,0,0,0,0,0,0,0,0,0
1.5975e+005,0,0,0,0,0,0,0,0,0,0,0,0,0
1.5995e+005,0,0,0,0,0,0,0,0,0,0,0,0,0
1.6016e+005,0,0,0,0,0,0,0,0,0,0,0,0,0
1.6034e+005,0,0,0,0,0,0,0,0,0,0,0,0,0
1.6055e+005,0,0,0,0,0,0,0,0,0,0,0,0,0
1.6075e+005,0,0,0,0,0,0,0,0,0,0,0,0,0
1.6095e+005,0,0,0,0,0,0,0,0,0,0,0,0,0
1.6115e+005,0,0,0,0,0,0,0,0,0,0,0,0,0
1.6135e+005,0,0,0,0,0,0,0,0,0,0,0,0,0
1.6156e+005,0,0,0,0,0,0,0,0,0,0,0,0,0
1.6175e+005,0,0,0,0,0,0,0,0,0,0,0,0,0
1.6195e+005,0,0,0,0,0,0,0,0,0,0,0,0,0
1.6215e+005,0,0,0,0,0,0,0,0,0,0,0,0,0
1.6236e+005,0,0,0,0,0,0,0,0,0,0,0,0,0
1.6256e+005,0,0,0,0,0,0,0,0,0,0,0,0,0
1.6275e+005,0,0,0,0,0,0,0,0,0,0,0,0,0
1.6295e+005,0,0,0,0,0,0,0,0,0,0,0,0,0
1.6315e+005,0,0,0,0,0,0,0,0,0,0,0,0,0
1.6334e+005,0,0,0,0,0,0,0,0,0,0,0,0,0
1.6355e+005,0,0,0,0,0,0,0,0,0,0,0,0,0
1.6375e+005,0,0,0,0,0,0,0,0,0,0,0,0,0
1.6395e+005,0,0,0,0,0,0,0,0,0,0,0,0,0
1.6415e+005,0,0,0,0,0,0,0,0,0,0,0,0,0
1.6435e+005,0,0,0,0,0,0,0,0,0,0,0,0,0
1.6456e+005,0,0,0,0,0,0,0,0,0,0,0,0,0
1.6474e+005,0,0,0,0,0,0,0,0,0,0,0,0,0
1.6495e+005,0,0,0,0,0,0,0,0,0,0,0,0,0
1.6515e+005,0,0,0,0,0,0,0,0,0,0,0,0,0
1.6535e+005,0,0,0,0,0,0,0,0,0,0,0,0,0
1.6553e+005,0,0,0,0,0,0,0,0,0,0,0,0,0
1.6576e+005,0,0,0,0,0,0,0,0,0,0,0,0,0
1.6595e+005,0,0,0,0,0,0,0,0,0,0,0,0,0
1.6615e+005,0,0,0,0,0,0,0,0,0,0,0,0,0
1.6635e+005,0,0,0,0,0,0,0,0,0,0,0,0,0
1.6656e+005,0,0,0,0,0,0,0,0,0,0,0,0,0
1.6676e+005,0,0,0,0,0,0,0,0,0,0,0,0,0
1.6694e+005,0,0,0,0,0,0,0,0,0,0,0,0,0
1.6714e+005,0,0,0,0,0,0,0,0,0,0,0,0,0
1.6734e+005,0,0,0,0,0,0,0,0,0,0,0,0,0
1.6755e+005,0,0,0,0,0,0,0,0,0,0,0,0,0
1.6776e+005,0,0,0,0,0,0,0,0,0,0,0,0,0
1.6794e+005,0,0,0,0,0,0,0,0,0,0,0,0,0
1.682e+005,0,0,0,0,0,0,0,0,0,0,0,0,0
1.6837e+005,0,0,0,0,0,0,0,0,0,0,0,0,0
1.6855e+005,0,0,0,0,0,0,0,0,0,0,0,0,0
1.6875e+005,0,0,0,0,0,0,0,0,0,0,0,0,0
1.6895e+005,0,0,0,0,0,0,0,0,0,0,0,0,0
1.6915e+005,0,0,0,0,0,0,0,0,0,0,0,0,0
1.6935e+005,0,0,0,0,0,0,0,0,0,0,0,0,0
1.6959e+005,0,0,0,0,0,0,0,0,0,0,0,0,0
1.6974e+005,0,0,0,0,0,0,0,0,0,0,0,0,0
1.6994e+005,0,0,0,0,0,0,0,0,0,0,0,0,0
1.7016e+005,0,0,0,0,0,0,0,0,0,0,0,0,0
1.7035e+005,0,0,0,0,0,0,0,0,0,0,0,0,0
1.7055e+005,0,0,0,0,0,0,0,0,0,0,0,0,0
1.7075e+005,0,0,0,0,0,0,0,0,0,0,0,0,0
1.7095e+005,0,0,0,0,0,0,0,0,0,0,0,0,0
1.7116e+005,0,0,0,0,0,0,0,0,0,0,0,0,0
1.7136e+005,0,0,0,0,0,0,0,0,0,0,0,0,0
1.7154e+005,0,0,0,0,0,0,0,0,0,0,0,0,0
1.7175e+005,0,0,0,0,0,0,0,0,0,0,0,0,0
1.7195e+005,0,0,0,0,0,0,0,0,0,0,0,0,0
1.7216e+005,0,0,0,0,0,0,0,0,0,0,0,0,0
1.7235e+005,0,0,0,0,0,0,0,0,0,0,0,0,0
1.7255e+005,0,0,0,0,0,0,0,0,0,0,0,0,0
1.7275e+005,0,0,0,0,0,0,0,0,0,0,0,0,0
1.7298e+005,0,0,0,0,0,0,0,0,0,0,0,0,0
1.7319e+005,0,0,0,0,0,0,0,0,0,0,0,0,0
1.7335e+005,0,0,0,0,0,0,0,0,0,0,0,0,0
1.7356e+005,0,0,0,0,0,0,0,0,0,0,0,0,0
1.7374e+005,0,0,0,0,0,0,0,0,0,0,0,0,0
1.7395e+005,0,0,0,0,0,0,0,0,0,0,0,0,0
1.7414e+005,0,0,0,0,0,0,0,0,0,0,0,0,0
1.7435e+005,0,0,0,0,0,0,0,0,0,0,0,0,0
1.7456e+005,0,0,0,0,0,0,0,0,0,0,0,0,0
1.7474e+005,0,0,0,0,0,0,0,0,0,0,0,0,0
1.7496e+005,0,0,0,0,0,0,0,0,0,0,0,0,0
1.7515e+005,0,0,0,0,0,0,0,0,0,0,0,0,0
1.7536e+005,0,0,0,0,0,0,0,0,0,0,0,0,0
1.7555e+005,0,0,0,0,0,0,0,0,0,0,0,0,0
1.7576e+005,0,0,0,0,0,0,0,0,0,0,0,0,0
1.7595e+005,0,0,0,0,0,0,0,0,0,0,0,0,0
1.7615e+005,0,0,0,0,0,0,0,0,0,0,0,0,0
1.7635e+005,0,0,0,0,0,0,0,0,0,0,0,0,0
1.7655e+005,0,0,0,0,0,0,0,0,0,0,0,0,0
1.7675e+005,0,0,0,0,0,0,0,0,0,0,0,0,0
1.7694e+005,0,0,0,0,0,0,0,0,0,0,0,0,0
1.7715e+005,0,0,0,0,0,0,0,0,0,0,0,0,0
1.7735e+005,0,0,0,0,0,0,0,0,0,0,0,0,0
1.7756e+005,0,0,0,0,0,0,0,0,0,0,0,0,0
1.7774e+005,0,0,0,0,0,0,0,0,0,0,0,0,0
1.7796e+005,0,0,0,0,0,0,0,0,0,0,0,0,0
1.7835e+005,0,0,0,0,0,0,0,0,0,0,0,0,0
1.7836e+005,0,0,0,0,0,0,0,0,0,0,0,0,0
1.7855e+005,0,0,0,0,0,0,0,0,0,0,0,0,0
1.7875e+005,0,0,0,0,0,0,0,0,0,0,0,0,0
1.7895e+005,0,0,0,0,0,0,0,0,0,0,0,0,0
1.7915e+005,0,0,0,0,0,0,0,0,0,0,0,0,0
1.7935e+005,0,0,0,0,0,0,0,0,0,0,0,0,0
1.7955e+005,0,0,0,0,0,0,0,0,0,0,0,0,0
1.7976e+005,0,0,0,0,0,0,0,0,0,0,0,0,0
1.7996e+005,0,0,0,0,0,0,0,0,0,0,0,0,0
1.8015e+005,0,0,0,0,0,0,0,0,0,0,0,0,0
