165,665
346,665
548,665
744,665
959,665
1142,666
1334,666
1548,666
1749,666
1957,666
2148,667
2337,667
2534,667
2739,667
2940,667
3143,668
3331,668
3532,668
3734,668
3943,668
4132,669
4333,669
4532,669
4740,669
4935,669
5144,670
5349,670
5534,670
5732,670
5943,670
6138,671
6344,671
6533,671
6741,671
6932,671
7136,672
7338,672
7547,672
7733,672
7932,672
8139,673
8337,673
8531,673
8750,673
8949,673
9142,674
9335,674
9545,674
9757,674
9949,674
10139,675
10341,675
10686,675
10764,675
10931,675
11134,676
11332,676
11540,676
11740,676
11935,676
12244,677
12385,677
12543,677
12739,677
12945,677
13132,678
13348,678
13588,678
13910,678
13940,678
14145,679
14334,679
14537,679
14738,679
14942,679
15147,680
15341,680
15550,680
15735,680
15942,680
16144,681
16333,681
16533,681
16732,681
16932,681
17135,682
17345,682
17533,682
17744,682
17932,682
18134,683
18340,683
18546,683
18745,683
18935,683
19135,684
19339,684
19543,684
19733,684
19933,684
20151,685
20336,685
20545,685
20745,685
20933,685
21135,686
21339,686
21539,686
21741,686
21933,686
22147,687
22335,687
22534,687
22737,687
22945,687
23133,688
23334,688
23532,688
23743,688
23940,688
24133,689
24348,689
24537,689
24737,689
24938,689
25143,690
25334,690
25535,690
25737,690
25937,690
26141,691
26358,691
26550,691
26739,691
26936,691
27143,692
27343,692
27531,692
27732,692
27936,692
28140,693
28341,693
28546,693
28748,693
28934,693
29138,694
29342,694
29542,694
29733,694
29950,694
30135,695
30332,695
30543,695
30746,695
30949,695
31132,696
31333,696
31535,696
31740,696
31945,696
32131,697
32333,697
32531,697
32747,697
32939,697
33148,698
33350,698
33531,698
33734,698
33937,698
34147,699
34333,699
34550,699
34738,699
34944,699
35141,700
35334,700
35534,700
35733,700
35934,700
36138,701
36343,701
36547,701
36732,701
36934,701
37139,702
37337,702
37549,702
37736,702
37952,702
38138,703
38343,703
38544,703
38749,703
38948,703
39135,704
39341,704
39537,704
39744,704
39934,704
40131,705
40331,705
40537,705
40738,705
40949,705
41148,706
41333,706
41533,706
41735,706
41940,706
42147,707
42349,707
42536,707
42735,707
42937,707
43147,708
43334,708
43534,708
43738,708
43938,708
44144,709
44333,709
44534,709
44732,709
44943,709
45136,710
45346,710
45542,710
45742,710
45937,710
46137,711
46342,711
46532,711
46734,711
46950,711
47136,712
47343,712
47546,712
47732,712
47931,712
48141,713
48341,713
48543,713
48732,713
48951,713
49132,714
49340,714
49543,714
49741,714
49934,714
50134,715
50338,715
50537,715
50742,715
50947,715
51151,716
51351,716
51545,716
51738,716
51944,716
52135,717
52334,717
52538,717
52739,717
52947,717
53134,718
53335,718
53536,718
53737,718
53939,718
54150,719
54350,719
54553,719
54732,719
54942,719
55139,720
55349,720
55533,720
55737,720
55938,720
56135,721
56338,721
56546,721
56734,721
56935,721
57139,722
57342,722
57546,722
57748,722
57935,722
58141,723
58336,723
58547,723
58746,723
58951,723
59134,724
59337,724
59543,724
59743,724
59935,724
60149,725
60382,725
60722,725
60972,725
61223,725
61461,726
61667,726
61889,726
62092,726
62112,726
62280,727
62495,727
62570,727
62737,727
62942,727
63147,728
63334,728
63550,728
63739,728
63943,728
64140,729
64334,729
64532,729
64735,729
64935,729
65145,730
65349,730
65535,730
65735,730
65941,730
66285,731
66623,731
66870,731
66884,731
66970,731
67141,732
67344,732
67538,732
67739,732
67936,732
68137,733
68339,733
68542,733
68745,733
68937,733
69132,734
69338,734
69540,734
69739,734
69950,734
70141,735
70339,735
70540,735
70742,735
70951,735
71149,736
71351,736
71551,736
71738,736
71938,736
72156,737
72348,737
72536,737
72736,737
72946,737
73132,738
73349,738
73549,738
73733,738
73939,738
74145,739
74345,739
74535,739
74740,739
74936,739
75138,740
75342,740
75548,740
75733,740
75939,740
76140,741
76338,741
76540,741
76747,741
76948,741
77133,742
77344,742
77545,742
77734,742
77933,742
78151,743
78340,743
78544,743
78744,743
78935,743
79137,744
79332,744
79542,744
79742,744
79947,744
80132,745
80340,745
80542,745
80742,745
80948,745
81150,746
81338,746
81537,746
81737,746
81940,746
82149,747
82335,747
82540,747
82736,747
82937,747
83145,748
83349,748
83536,748
83735,748
83941,748
84138,749
84353,749
84547,749
84741,749
84937,749
85143,750
85339,750
85550,750
85734,750
85940,750
86140,751
86344,751
86542,751
86748,751
86953,751
87141,752
87345,752
87543,752
87747,752
87933,752
88153,753
88337,753
88545,753
88744,753
88950,753
89136,754
89341,754
89538,754
89747,754
89942,754
90137,755
90335,755
90538,755
90751,755
90945,755
91148,756
91345,756
91533,756
91740,756
91946,756
92145,757
92350,757
92534,757
92740,757
92957,757
93147,758
93333,758
93545,758
93732,758
93941,758
94144,759
94349,759
94547,759
94736,759
94938,759
95137,760
95344,760
95551,760
95748,760
95940,760
96135,761
96346,761
96541,761
96752,761
96931,761
97140,762
97336,762
97547,762
97732,762
97951,762
98238,763
98404,763
98564,763
98751,763
98934,763
99134,764
99341,764
99548,764
99749,764
99945,764
1.0021e+005,765
1.0039e+005,765
1.0055e+005,765
1.0075e+005,765
1.0095e+005,765
1.0115e+005,766
1.0134e+005,766
1.0154e+005,766
1.0174e+005,766
1.0195e+005,766
1.0213e+005,767
1.0235e+005,767
1.0254e+005,767
1.0273e+005,767
1.0294e+005,767
1.0314e+005,768
1.0334e+005,768
1.0355e+005,768
1.0374e+005,768
1.0394e+005,768
1.0414e+005,769
1.0434e+005,769
1.0454e+005,769
1.0474e+005,769
1.0493e+005,769
1.0514e+005,770
1.0534e+005,770
1.0555e+005,770
1.0573e+005,770
1.0593e+005,770
1.0614e+005,771
1.0634e+005,771
1.0654e+005,771
1.0675e+005,771
1.0695e+005,771
1.0715e+005,772
1.0734e+005,772
1.0755e+005,772
1.0775e+005,772
1.0795e+005,772
1.0814e+005,773
1.0834e+005,773
1.0855e+005,773
1.0873e+005,773
1.0895e+005,773
1.0914e+005,774
1.0934e+005,774
1.0954e+005,774
1.0974e+005,774
1.0995e+005,774
1.1015e+005,775
1.1035e+005,775
1.1053e+005,775
1.1074e+005,775
1.1094e+005,775
1.1115e+005,776
1.1135e+005,776
1.1154e+005,776
1.1174e+005,776
1.1194e+005,776
1.1214e+005,777
1.1235e+005,777
1.1254e+005,777
1.1274e+005,777
1.1294e+005,777
1.1315e+005,778
1.1334e+005,778
1.1354e+005,778
1.1374e+005,778
1.1394e+005,778
1.1414e+005,779
1.1434e+005,779
1.1454e+005,779
1.1474e+005,779
1.1493e+005,779
1.1514e+005,780
1.1535e+005,780
1.1555e+005,780
1.1574e+005,780
1.1594e+005,780
1.1614e+005,781
1.1634e+005,781
1.1654e+005,781
1.1675e+005,781
1.1694e+005,781
1.1713e+005,782
1.1734e+005,782
1.1754e+005,782
1.1775e+005,782
1.1795e+005,782
1.1815e+005,783
1.1834e+005,783
1.1854e+005,783
1.1874e+005,783
1.1894e+005,783
1.1915e+005,784
1.1934e+005,784
1.1954e+005,784
1.1974e+005,784
1.1995e+005,784
1.2013e+005,785
1.2033e+005,785
1.2054e+005,785
1.2074e+005,785
1.2094e+005,785
1.2113e+005,786
1.2135e+005,786
1.2154e+005,786
1.2174e+005,786
1.2194e+005,786
1.2214e+005,787
1.2235e+005,787
1.2254e+005,787
1.2274e+005,787
1.2294e+005,787
1.2314e+005,788
1.2335e+005,788
1.2355e+005,788
1.2374e+005,788
1.2394e+005,788
1.2414e+005,789
1.2435e+005,789
1.2455e+005,789
1.2475e+005,789
1.2494e+005,789
1.2514e+005,790
1.2534e+005,790
1.2555e+005,790
1.2574e+005,790
1.2593e+005,790
1.2614e+005,791
1.2634e+005,791
1.2655e+005,791
1.2674e+005,791
1.2695e+005,791
1.2714e+005,792
1.2734e+005,792
1.2754e+005,792
1.2775e+005,792
1.2793e+005,792
1.2815e+005,793
1.2834e+005,793
1.2854e+005,793
1.2875e+005,793
1.2895e+005,793
1.2914e+005,794
1.2933e+005,794
1.2954e+005,794
1.2974e+005,794
1.2994e+005,794
1.3013e+005,795
1.3035e+005,795
1.3055e+005,795
1.3074e+005,795
1.3094e+005,795
1.3113e+005,796
1.3134e+005,796
1.3155e+005,796
1.3174e+005,796
1.3195e+005,796
1.3214e+005,797
1.3236e+005,797
1.3254e+005,797
1.3273e+005,797
1.3294e+005,797
1.3315e+005,798
1.3334e+005,798
1.3355e+005,798
1.3373e+005,798
1.3394e+005,798
1.3414e+005,799
1.3434e+005,799
1.3453e+005,799
1.3475e+005,799
1.3494e+005,799
1.3514e+005,800
1.3534e+005,800
1.3555e+005,800
1.3575e+005,800
1.3595e+005,800
1.3613e+005,801
1.3634e+005,801
1.3654e+005,801
1.3673e+005,801
1.3694e+005,801
1.3715e+005,802
1.3734e+005,802
1.3754e+005,802
1.3773e+005,802
1.3795e+005,802
1.3813e+005,803
1.3833e+005,803
1.3854e+005,803
1.3873e+005,803
1.3893e+005,803
1.3915e+005,804
1.3935e+005,804
1.3954e+005,804
1.3974e+005,804
1.3993e+005,804
1.4014e+005,805
1.4033e+005,805
1.4054e+005,805
1.4073e+005,805
1.4094e+005,805
1.4114e+005,806
1.4133e+005,806
1.4155e+005,806
1.4174e+005,806
1.4194e+005,806
1.4214e+005,807
1.4233e+005,807
1.4253e+005,807
1.4274e+005,807
1.4294e+005,807
1.4314e+005,808
1.4334e+005,808
1.4354e+005,808
1.4373e+005,808
1.4394e+005,808
1.4414e+005,809
1.4436e+005,809
1.4454e+005,809
1.4475e+005,809
1.4493e+005,809
1.4514e+005,810
1.4534e+005,810
1.4554e+005,810
1.4575e+005,810
1.4595e+005,810
1.4613e+005,811
1.4635e+005,811
1.4655e+005,811
1.4675e+005,811
1.4695e+005,811
1.4713e+005,812
1.4734e+005,812
1.4754e+005,812
1.4775e+005,812
1.4796e+005,812
1.4815e+005,813
1.4834e+005,813
1.4854e+005,813
1.4875e+005,813
1.4895e+005,813
1.4915e+005,814
1.4933e+005,814
1.4954e+005,814
1.4974e+005,814
1.4994e+005,814
1.5014e+005,815
1.5033e+005,815
1.5054e+005,815
1.5074e+005,815
1.5094e+005,815
1.5113e+005,816
1.5134e+005,816
1.5153e+005,816
1.5174e+005,816
1.5194e+005,816
1.5214e+005,817
1.5234e+005,817
1.5278e+005,817
1.528e+005,817
1.5294e+005,817
1.5314e+005,818
1.5335e+005,818
1.5353e+005,818
1.5374e+005,818
1.5394e+005,818
1.5415e+005,819
1.5435e+005,819
1.5455e+005,819
1.5474e+005,819
1.5494e+005,819
1.5515e+005,820
1.5535e+005,820
1.5555e+005,820
1.5574e+005,820
1.5594e+005,820
1.5615e+005,821
1.5635e+005,821
1.5655e+005,821
1.5676e+005,821
1.5696e+005,821
1.5715e+005,822
1.5735e+005,822
1.5755e+005,822
1.5774e+005,822
1.5795e+005,822
1.5816e+005,823
1.5835e+005,823
1.5855e+005,823
1.5876e+005,823
1.5894e+005,823
1.5916e+005,824
1.5934e+005,824
1.5955e+005,824
1.5975e+005,824
1.5995e+005,824
1.6016e+005,825
1.6034e+005,825
1.6055e+005,825
1.6075e+005,825
1.6095e+005,825
1.6115e+005,826
1.6135e+005,826
1.6156e+005,826
1.6175e+005,826
1.6195e+005,826
1.6215e+005,827
1.6236e+005,827
1.6256e+005,827
1.6275e+005,827
1.6295e+005,827
1.6315e+005,828
1.6334e+005,828
1.6355e+005,828
1.6375e+005,828
1.6395e+005,828
1.6415e+005,829
1.6435e+005,829
1.6456e+005,829
1.6474e+005,829
1.6495e+005,829
1.6515e+005,830
1.6535e+005,830
1.6553e+005,830
1.6576e+005,830
1.6595e+005,830
1.6615e+005,831
1.6635e+005,831
1.6656e+005,831
1.6676e+005,831
1.6694e+005,831
1.6714e+005,832
1.6734e+005,832
1.6755e+005,832
1.6776e+005,832
1.6794e+005,832
1.682e+005,833
1.6837e+005,833
1.6855e+005,833
1.6875e+005,833
1.6895e+005,833
1.6915e+005,834
1.6935e+005,834
1.6959e+005,834
1.6974e+005,834
1.6994e+005,834
1.7016e+005,835
1.7035e+005,835
1.7055e+005,835
1.7075e+005,835
1.7095e+005,835
1.7116e+005,836
1.7136e+005,836
1.7154e+005,836
1.7175e+005,836
1.7195e+005,836
1.7216e+005,837
1.7235e+005,837
1.7255e+005,837
1.7275e+005,837
1.7298e+005,837
1.7319e+005,838
1.7335e+005,838
1.7356e+005,838
1.7374e+005,838
1.7395e+005,838
1.7414e+005,839
1.7435e+005,839
1.7456e+005,839
1.7474e+005,839
1.7496e+005,839
1.7515e+005,840
1.7536e+005,840
1.7555e+005,840
1.7576e+005,840
1.7595e+005,840
1.7615e+005,841
1.7635e+005,841
1.7655e+005,841
1.7675e+005,841
1.7694e+005,841
1.7715e+005,842
1.7735e+005,842
1.7756e+005,842
1.7774e+005,842
1.7796e+005,842
1.7835e+005,843
1.7836e+005,843
1.7855e+005,843
1.7875e+005,843
1.7895e+005,843
1.7915e+005,844
1.7935e+005,844
1.7955e+005,844
1.7976e+005,844
1.7996e+005,844
1.8015e+005,845
