165,99,0,0,95,0,0,0,0,0,0,0,0,0
346,99,0,0,101,0,0,0,0,0,0,0,0,0
548,100,0,0,102,0,0,0,0,0,0,0,0,0
744,100,0,0,95,0,0,0,0,0,0,0,0,0
959,100,0,0,102,0,0,0,0,0,0,0,0,0
1142,100,0,0,100,0,0,0,0,0,0,0,0,0
1334,99,0,0,96,0,0,0,0,0,0,0,0,0
1548,99,0,0,103,0,0,0,0,0,0,0,0,0
1749,99,0,0,99,0,0,0,0,0,0,0,0,0
1957,99,0,0,97,0,0,0,0,0,0,0,0,0
2148,100,0,0,104,0,0,0,0,0,0,0,0,0
2337,100,0,0,97,0,0,0,0,0,0,0,0,0
2534,100,0,0,98,0,0,0,0,0,0,0,0,0
2739,100,0,0,103,0,0,0,0,0,0,0,0,0
2940,99,0,0,96,0,0,0,0,0,0,0,0,0
3143,99,0,0,100,0,0,0,0,0,0,0,0,0
3331,99,0,0,102,0,0,0,0,0,0,0,0,0
3532,99,0,0,95,0,0,0,0,0,0,0,0,0
3734,100,0,0,102,0,0,0,0,0,0,0,0,0
3943,100,0,0,101,0,0,0,0,0,0,0,0,0
4132,100,0,0,95,0,0,0,0,0,0,0,0,0
4333,100,0,0,103,0,0,0,0,0,0,0,0,0
4532,99,0,0,99,0,0,0,0,0,0,0,0,0
4740,99,0,0,96,0,0,0,0,0,0,0,0,0
4935,99,0,0,103,0,0,0,0,0,0,0,0,0
5144,99,0,0,98,0,0,0,0,0,0,0,0,0
5349,99,0,0,97,0,0,0,0,0,0,0,0,0
5534,100,0,0,0,0,0,0,0,0,0,0,0,0
5732,100,0,0,0,0,0,0,0,0,0,0,0,0
5943,100,0,0,0,0,0,0,0,0,0,0,0,0
6138,100,0,0,0,0,0,0,0,0,0,0,0,0
6344,99,0,0,0,0,0,0,0,0,0,0,0,0
6533,99,0,0,0,0,0,0,0,0,0,0,0,0
6741,99,0,0,0,0,0,0,0,0,0,0,0,0
6932,99,0,0,0,0,0,0,0,0,0,0,0,0
7136,100,0,0,0,0,0,0,0,0,0,0,0,0
7338,100,0,0,0,0,0,0,0,0,0,0,0,0
7547,100,0,0,0,0,0,0,0,0,0,0,0,0
7733,100,0,0,0,0,0,0,0,0,0,0,0,0
7932,99,0,0,0,0,0,0,0,0,0,0,0,0
8139,99,0,0,0,0,0,0,0,0,0,0,0,0
8337,99,0,0,0,0,0,0,0,0,0,0,0,0
8531,99,0,0,0,0,0,0,0,0,0,0,0,0
8750,100,0,0,0,0,0,0,0,0,0,0,0,0
8949,100,0,0,0,0,0,0,0,0,0,0,0,0
9142,100,0,0,0,0,0,0,0,0,0,0,0,0
9335,100,0,0,0,0,0,0,0,0,0,0,0,0
9545,99,0,100,103,100,0,0,0,0,0,0,0,0
9757,99,0,100,100,100,0,0,0,0,0,0,0,0
9949,99,0,100,100,100,0,0,0,0,0,0,0,0
10139,99,0,100,100,100,0,0,0,0,0,0,0,0
10341,99,0,100,100,100,0,0,0,0,0,0,0,0
10686,100,0,100,100,100,0,0,0,0,0,0,0,0
10764,100,0,100,100,100,0,0,0,0,0,0,0,0
10931,100,0,100,100,100,0,0,0,0,0,0,0,0
11134,100,0,100,100,100,0,0,0,0,0,0,0,0
11332,99,0,100,100,100,0,0,0,0,0,0,0,0
11540,99,0,100,100,100,0,0,0,0,0,0,0,0
11740,99,0,100,100,100,0,0,0,0,0,0,0,0
11935,99,0,100,100,100,0,0,0,0,0,0,0,0
12244,100,0,100,100,100,0,0,0,0,0,0,0,0
12385,100,0,100,100,100,0,0,0,0,0,0,0,0
12543,100,0,100,100,100,0,0,0,0,0,0,0,0
12739,100,0,100,100,100,0,0,0,0,0,0,0,0
12945,99,0,100,100,100,0,0,0,0,0,0,0,0
13132,99,0,100,100,100,0,0,0,0,0,0,0,0
13348,99,0,100,100,100,0,0,0,0,0,0,0,0
13588,99,0,100,100,100,0,0,0,0,0,0,0,0
13910,100,100,100,100,100,100,100,100,100,0,0,0,0
13940,100,100,100,100,100,100,100,100,100,0,0,0,0
14145,100,100,100,100,100,100,100,100,100,0,0,0,0
14334,100,100,100,100,100,100,100,100,100,0,0,0,0
14537,99,100,100,100,100,100,100,100,100,0,0,0,0
14738,99,100,100,100,100,100,100,100,100,0,0,0,0
14942,99,100,100,100,100,100,100,100,100,0,0,0,0
15147,99,100,100,100,100,100,100,100,100,0,0,0,0
15341,99,100,100,100,100,100,100,100,100,0,0,0,0
15550,100,100,100,100,100,100,100,100,100,0,0,0,0
15735,100,100,100,100,100,100,100,100,100,0,0,0,0
15942,100,100,100,100,100,100,100,100,100,0,0,0,0
16144,100,100,99,100,100,100,100,100,100,0,0,0,0
16333,99,100,99,100,100,100,100,100,100,0,0,0,0
16533,99,100,99,100,100,100,100,100,100,0,0,0,0
16732,99,100,99,100,99,100,100,100,100,0,0,0,0
16932,99,100,99,100,100,100,100,100,100,0,0,0,0
17135,100,100,99,100,100,100,100,100,100,0,0,0,0
17345,100,100,99,100,100,100,100,100,100,0,0,0,0
17533,100,100,100,100,100,100,100,100,100,0,0,0,2
17744,100,99,99,99,99,98,98,98,98,98,98,98,26
17932,99,99,99,99,99,98,98,98,98,98,98,98,63
18134,99,99,99,99,99,98,98,98,98,98,98,98,91
18340,99,99,99,99,99,98,98,98,98,98,98,98,93
18546,99,99,99,99,99,98,98,98,98,98,98,98,124
18745,100,99,99,99,99,98,98,98,98,98,98,98,134
18935,100,99,99,99,99,98,98,98,98,98,98,98,164
19135,100,99,99,99,99,98,98,98,98,98,98,98,174
19339,100,99,99,99,99,98,98,98,98,98,98,98,224
19543,99,99,99,99,99,98,98,98,98,98,98,98,229
19733,99,99,99,99,99,98,98,98,98,98,98,98,227
19933,99,99,99,99,99,98,98,98,98,98,98,98,227
20151,99,99,99,99,99,98,98,98,98,98,98,98,227
20336,99,99,99,99,99,98,98,98,98,98,98,98,227
20545,100,99,99,99,99,98,98,98,98,98,98,98,227
20745,100,99,99,99,99,98,98,98,98,98,98,98,228
20933,100,99,99,99,99,98,98,98,98,98,98,98,228
21135,100,99,99,99,99,98,98,98,98,98,98,98,228
21339,99,99,99,99,99,98,98,98,98,98,98,98,228
21539,99,99,99,99,99,98,98,98,98,98,98,98,228
21741,99,99,99,99,99,96,96,96,96,94,94,94,228
21933,99,99,99,99,99,96,96,96,96,94,95,95,228
22147,100,99,99,99,99,96,96,96,96,95,95,95,228
22335,100,99,99,99,99,96,96,96,96,95,95,95,228
22534,100,99,99,99,99,96,96,96,96,95,95,95,228
22737,100,99,99,99,99,96,96,96,96,95,95,95,228
22945,99,99,99,99,99,96,96,96,96,94,95,95,228
23133,99,99,99,99,99,96,96,96,96,94,94,94,228
23334,99,99,99,99,99,96,96,96,96,94,94,94,228
23532,99,99,99,99,99,96,96,96,96,94,94,94,228
23743,100,99,99,99,99,96,96,96,96,94,94,94,228
23940,100,99,99,99,99,96,96,96,96,94,94,94,228
24133,100,99,99,99,99,96,96,96,96,94,94,94,228
24348,100,99,99,99,99,96,96,96,96,94,94,94,228
24537,99,99,99,99,99,96,96,96,96,94,94,94,228
24737,99,99,99,99,99,96,96,96,96,94,94,94,228
24938,99,99,99,99,99,96,96,96,96,94,95,95,228
25143,99,99,99,99,99,96,96,96,96,94,95,95,228
25334,99,99,99,99,99,96,96,96,96,95,95,95,228
25535,100,99,99,99,99,96,96,96,96,95,95,95,228
25737,100,99,99,99,99,95,95,95,95,92,92,92,228
25937,100,99,99,99,99,95,95,95,95,92,92,92,228
26141,100,99,99,99,99,95,95,95,95,92,92,92,228
26358,99,98,99,99,99,94,94,94,94,92,92,92,228
26550,99,98,98,99,98,94,94,94,94,92,92,92,228
26739,99,98,98,99,98,94,94,94,94,92,92,92,228
26936,99,98,98,99,98,94,94,94,94,92,92,92,228
27143,100,98,98,99,98,94,94,94,94,92,92,92,228
27343,100,98,98,99,98,94,94,94,94,92,92,92,228
27531,100,98,98,99,98,94,94,94,94,92,92,92,228
27732,100,98,98,99,98,94,94,94,94,92,92,92,228
27936,99,98,98,99,98,94,94,94,94,92,92,92,228
28140,99,98,98,99,98,94,94,94,94,92,92,92,228
28341,99,98,98,99,98,94,94,94,94,92,92,92,228
28546,99,98,98,99,98,94,94,94,94,92,92,92,228
28748,100,98,98,99,98,94,94,94,94,92,92,92,228
28934,100,98,98,99,98,94,94,94,94,92,92,92,228
29138,100,98,98,99,98,94,94,94,94,92,92,92,228
29342,100,98,98,99,98,94,94,94,94,92,92,92,228
29542,99,98,99,99,99,94,94,94,94,92,92,92,228
29733,99,98,98,98,98,91,91,91,91,87,87,87,228
29950,99,98,98,98,98,91,91,91,91,87,87,87,228
30135,99,98,98,98,98,91,91,91,91,87,87,87,228
30332,99,98,98,98,98,91,91,91,91,87,87,87,228
30543,100,98,98,98,98,91,91,91,91,87,87,87,228
30746,100,98,98,98,98,91,91,91,91,87,87,87,228
30949,100,98,98,98,98,91,91,91,91,87,87,87,228
31132,100,98,98,98,98,91,91,91,91,87,87,87,228
31333,99,98,98,98,98,91,91,91,91,87,87,87,228
31535,99,98,98,98,98,91,91,91,91,87,87,87,228
31740,99,98,98,98,98,91,91,91,91,87,87,87,228
31945,99,98,98,98,98,91,91,91,91,87,87,87,228
32131,100,98,98,98,98,91,91,91,91,87,87,87,228
32333,100,98,98,98,98,91,91,91,91,87,87,87,228
32531,100,98,98,98,98,91,91,91,91,87,87,87,228
32747,100,98,98,98,98,91,91,91,91,87,87,87,228
32939,99,98,98,98,98,91,91,91,91,87,87,87,228
33148,99,98,98,98,98,91,91,91,91,87,87,87,228
33350,99,98,98,98,98,91,91,91,91,87,87,87,228
33531,99,98,98,98,98,91,91,91,91,87,87,87,228
33734,100,0,0,318,318,0,0,0,0,0,0,0,228
33937,100,0,0,328,328,0,0,0,0,0,0,0,228
34147,100,0,0,323,323,0,0,0,0,0,0,0,228
34333,100,0,0,318,318,0,0,0,0,0,0,0,228
34550,99,0,0,341,341,0,0,0,0,0,0,0,228
34738,99,0,0,314,314,0,0,0,0,0,0,0,228
34944,99,0,0,333,333,0,0,0,0,0,0,0,228
35141,99,0,0,321,321,0,0,0,0,0,0,0,228
35334,99,0,0,319,319,0,0,0,0,0,0,0,228
35534,100,0,0,338,338,0,0,0,0,0,0,0,228
35733,100,0,0,314,314,0,0,0,0,0,0,0,228
35934,100,0,0,337,337,0,0,0,0,0,0,0,228
36138,100,0,0,319,319,0,0,0,0,0,0,0,228
36343,99,0,0,320,320,0,0,0,0,0,0,0,228
36547,99,0,0,335,335,0,0,0,0,0,0,0,228
36732,99,0,0,314,314,0,0,0,0,0,0,0,228
36934,99,0,0,340,340,0,0,0,0,0,0,0,228
37139,100,0,0,318,318,0,0,0,0,0,0,0,228
37337,100,0,0,322,322,0,0,0,0,0,0,0,228
37549,100,0,0,330,330,0,0,0,0,0,0,0,228
37736,100,98,0,100,0,98,98,98,98,0,0,0,228
37952,99,98,0,95,0,98,98,98,98,0,0,0,228
38138,99,98,0,102,0,98,98,98,98,0,0,0,228
38343,99,98,0,102,0,98,98,98,98,0,0,0,228
38544,99,98,0,95,0,98,98,98,98,0,0,0,228
38749,100,98,0,100,0,98,98,98,98,0,0,0,228
38948,100,98,0,103,0,98,98,98,98,0,0,0,228
39135,100,98,0,96,0,98,98,98,98,0,0,0,228
39341,100,98,0,98,0,98,98,98,98,0,0,0,228
39537,99,98,0,104,0,98,98,98,98,0,0,0,228
39744,99,98,0,97,0,98,98,98,98,0,0,0,228
39934,99,98,0,97,0,98,98,98,98,0,0,0,228
40131,99,98,0,103,0,98,98,98,98,0,0,0,228
40331,99,98,0,99,0,98,98,98,98,0,0,0,228
40537,100,98,0,96,0,98,98,98,98,0,0,0,228
40738,100,98,0,103,0,98,98,98,98,0,0,0,228
40949,100,98,0,101,0,98,98,98,98,0,0,0,228
41148,100,98,0,95,0,98,98,98,98,0,0,0,228
41333,99,98,0,101,0,98,98,98,98,0,0,0,228
41533,99,98,97,102,0,98,98,98,98,0,0,0,228
41735,99,93,96,96,93,93,93,93,93,94,94,94,216
41940,99,99,101,101,99,99,99,99,99,100,100,100,228
42147,100,95,98,98,95,95,95,95,95,97,97,97,221
42349,100,98,99,100,98,98,98,98,98,98,98,98,226
42536,100,99,99,99,99,98,98,98,98,98,98,98,227
42735,100,97,97,97,97,97,97,97,97,97,97,97,224
42937,99,99,99,99,99,98,98,98,98,98,98,98,228
43147,99,98,98,98,98,98,98,98,98,97,97,97,227
43334,99,98,98,98,98,98,98,98,98,98,98,98,226
43534,99,98,98,98,98,98,98,98,98,98,98,98,226
43738,100,98,98,98,98,98,98,98,98,98,98,98,226
43938,100,98,98,98,98,98,98,98,98,98,98,98,226
44144,100,98,98,98,98,98,98,98,98,98,98,98,226
44333,100,98,98,98,98,98,98,98,98,98,98,98,226
44534,99,98,98,98,98,98,98,98,98,98,98,98,227
44732,99,98,98,98,98,98,98,98,98,98,98,98,227
44943,99,98,98,98,98,98,98,98,98,98,98,98,227
45136,99,98,98,98,98,98,98,98,98,98,98,98,227
45346,99,98,98,98,98,98,98,98,98,98,98,98,227
45542,100,98,98,98,98,98,98,98,98,98,98,98,226
45742,100,98,98,98,98,98,98,98,98,98,98,98,226
45937,100,93,93,93,93,93,93,93,93,96,96,96,216
46137,100,98,98,98,98,98,98,98,98,95,95,95,228
46342,99,97,97,97,97,97,97,97,97,94,94,94,226
46532,99,95,95,95,95,96,96,96,96,94,94,94,221
46734,99,96,96,96,96,96,96,96,96,94,94,94,223
46950,99,96,96,96,96,97,97,97,97,95,95,95,224
47136,100,96,96,96,96,97,97,97,97,95,95,95,224
47343,100,97,97,97,97,97,97,97,97,95,95,95,224
47546,100,97,97,97,97,97,97,97,97,95,95,95,224
47732,100,97,97,97,97,97,97,97,97,95,95,95,224
47931,99,97,97,97,97,97,97,97,97,95,95,95,224
48141,99,97,97,97,97,97,97,97,97,95,95,95,224
48341,99,97,97,97,97,97,97,97,97,95,95,95,224
48543,99,97,97,97,97,97,97,97,97,95,95,95,224
48732,100,97,97,97,97,97,97,97,97,95,95,95,224
48951,100,97,97,97,97,97,97,97,97,95,95,95,224
49132,100,97,97,97,97,97,97,97,97,95,95,95,225
49340,100,97,97,97,97,97,97,97,97,95,95,95,225
49543,99,97,97,97,97,97,97,97,97,95,95,95,225
49741,99,93,93,93,93,94,94,94,94,93,93,93,217
49934,99,93,93,93,93,93,93,93,93,90,90,90,216
50134,99,96,96,96,96,96,96,96,96,92,92,92,222
50338,99,95,95,95,95,95,95,95,95,93,93,93,219
50537,100,96,96,96,96,96,96,96,96,93,93,93,222
50742,100,96,96,96,96,96,96,96,96,93,93,94,223
50947,100,96,96,96,96,96,96,96,96,94,94,94,223
51151,100,96,96,96,96,96,96,96,96,94,94,94,223
51351,99,96,96,96,96,96,96,96,96,94,94,94,223
51545,99,96,96,96,96,96,96,96,96,94,94,94,223
51738,99,96,96,96,96,96,96,96,96,94,94,94,223
51944,99,96,96,96,96,96,96,96,96,94,94,94,223
52135,100,96,96,96,96,96,96,96,96,94,94,94,223
52334,100,96,96,96,96,96,96,96,96,94,94,94,223
52538,100,96,96,96,96,96,96,96,96,94,94,94,223
52739,100,96,96,96,96,96,96,96,96,94,94,94,223
52947,99,96,96,96,96,96,96,96,96,94,94,94,223
53134,99,96,96,96,96,96,96,96,96,94,94,94,223
53335,99,96,96,96,96,96,96,96,96,94,94,94,223
53536,99,96,96,96,96,96,96,96,96,94,94,94,223
53737,100,97,97,97,97,97,97,97,97,93,93,93,225
53939,100,96,96,96,96,96,96,96,96,96,96,96,223
54150,100,96,96,96,96,97,97,97,97,92,92,92,224
54350,100,95,95,95,95,95,95,95,95,91,91,91,220
54553,99,95,95,95,95,95,95,95,95,92,92,92,220
54732,99,95,95,95,95,95,95,95,95,92,92,92,219
54942,99,95,95,95,95,95,95,95,95,92,92,92,220
55139,99,95,95,95,95,95,95,95,95,92,92,92,220
55349,99,95,95,95,95,95,95,95,95,93,93,93,220
55533,100,95,95,95,95,95,95,95,95,93,93,93,220
55737,100,95,95,95,95,95,95,95,95,93,93,93,220
55938,100,95,95,95,95,95,95,95,95,93,93,93,221
56135,100,95,95,95,95,95,95,95,95,93,93,93,221
56338,99,95,95,95,95,95,95,95,95,93,93,93,221
56546,99,95,95,95,95,95,95,95,95,93,93,93,221
56734,99,95,95,95,95,95,95,95,95,93,93,93,221
56935,99,95,95,95,95,95,95,95,95,93,93,93,221
57139,100,95,95,95,95,95,95,95,95,93,93,93,221
57342,100,95,95,95,95,95,95,95,95,93,93,93,221
57546,100,95,95,95,95,95,95,95,95,93,93,93,221
57748,100,94,94,94,94,95,95,95,95,88,88,88,219
57935,99,95,95,95,95,95,95,95,95,92,93,92,220
58141,99,93,93,93,93,93,93,93,93,91,91,91,215
58336,99,95,95,95,95,95,95,95,95,91,91,91,220
58547,99,94,94,94,94,94,94,94,94,90,90,90,219
58746,100,94,94,94,94,94,94,94,94,90,90,90,219
58951,100,94,94,94,94,94,94,94,94,90,90,90,219
59134,100,94,94,94,94,95,95,95,94,90,90,90,219
59337,100,94,94,94,94,95,95,95,95,91,91,91,219
59543,99,95,95,95,95,95,95,95,95,91,91,91,219
59743,99,95,95,95,95,95,95,95,95,91,91,91,220
59935,99,95,95,95,95,95,95,95,95,91,91,91,220
60149,99,95,95,95,95,95,95,95,95,91,91,91,220
60382,99,95,95,95,95,95,95,95,95,91,91,91,220
60722,100,95,95,95,95,95,95,95,95,91,91,91,220
60972,100,95,95,95,95,95,95,95,95,91,91,91,220
61223,100,95,95,95,95,95,95,95,95,91,91,91,220
61461,100,95,95,95,95,95,95,95,95,91,91,91,220
61667,99,95,95,95,95,95,95,95,95,91,91,91,220
61889,99,95,95,95,95,95,95,95,95,91,91,91,220
62092,99,95,95,95,95,95,95,95,95,91,91,91,220
62112,99,95,95,95,95,95,95,95,95,91,91,91,220
62280,100,95,95,95,95,95,95,95,95,91,91,91,220
62495,100,95,95,95,95,95,95,95,95,91,91,91,220
62570,100,95,95,95,95,95,95,95,95,91,91,91,220
62737,100,95,95,95,95,95,95,95,95,91,91,91,220
62942,99,95,95,95,95,95,95,95,95,91,91,91,220
63147,99,114,114,114,114,114,114,114,114,110,110,110,263
63334,99,107,107,107,107,107,107,107,107,109,109,109,247
63550,99,106,106,106,106,106,106,106,106,109,109,109,245
63739,100,104,104,104,104,104,104,104,104,98,98,98,241
63943,100,101,101,101,101,101,101,101,101,95,95,95,233
64140,100,102,102,102,102,101,101,101,101,96,96,96,234
64334,100,99,99,99,99,98,98,98,98,97,97,97,227
64532,99,100,100,100,100,99,99,99,99,96,96,96,229
64735,99,100,100,100,100,100,100,100,100,97,97,97,231
64935,99,100,100,100,100,99,99,99,99,96,96,96,230
65145,99,100,100,100,100,99,99,99,99,96,96,96,229
65349,99,99,99,99,99,98,98,98,98,96,96,96,228
65535,100,99,99,99,99,98,98,98,98,96,96,96,228
65735,100,99,99,99,99,98,98,98,98,96,96,96,228
65941,100,99,99,99,99,98,98,98,98,96,96,96,227
66285,100,99,99,99,99,98,98,98,98,96,96,96,227
66623,99,99,99,99,99,98,98,98,98,96,96,96,227
66870,99,99,99,99,99,98,98,98,98,95,96,96,227
66884,99,99,99,99,99,98,98,98,98,95,95,95,227
66970,99,99,99,99,99,98,98,98,98,95,95,95,227
67141,100,99,99,99,99,98,98,98,98,95,95,95,227
67344,100,99,99,99,99,98,98,98,98,95,95,95,227
67538,100,99,99,99,99,98,98,98,98,95,95,95,227
67739,100,99,99,99,99,98,98,98,98,95,95,95,227
67936,99,98,98,99,98,98,98,98,98,95,95,95,226
68137,99,98,98,98,98,97,97,97,97,95,95,95,226
68339,99,97,97,97,97,97,97,97,97,94,94,94,224
68542,99,98,98,98,98,97,97,97,97,95,95,95,225
68745,100,98,98,98,98,98,98,98,97,95,95,95,226
68937,100,98,98,98,98,97,97,97,97,95,95,95,226
69132,100,98,98,98,98,97,97,97,97,95,95,95,226
69338,100,98,98,98,98,97,97,97,97,95,95,95,226
69540,99,98,98,98,98,97,97,97,97,95,95,95,226
69739,99,98,98,98,98,97,97,97,97,95,95,95,226
69950,99,98,98,98,98,97,97,97,97,95,95,95,226
70141,99,98,98,98,98,97,97,97,97,95,95,95,226
70339,99,98,98,98,98,97,97,97,97,95,95,95,226
70540,100,98,98,98,98,97,97,97,97,95,95,95,226
70742,100,98,98,98,98,97,97,97,97,95,95,95,226
70951,100,98,98,98,98,97,97,97,97,95,95,95,226
71149,100,98,98,98,98,97,97,97,97,95,95,95,226
71351,99,98,98,98,98,97,97,97,97,95,95,95,226
71551,99,98,98,98,98,97,97,97,97,95,95,95,226
71738,99,98,98,98,98,97,97,97,97,95,95,95,226
71938,99,98,98,98,98,97,97,97,97,95,95,95,226
72156,100,98,98,98,98,97,97,97,97,95,95,95,226
72348,100,98,98,98,98,97,97,97,97,95,95,95,226
72536,100,96,96,96,96,96,96,96,96,93,93,93,222
72736,100,95,95,95,95,96,96,96,96,91,91,91,221
72946,99,91,91,91,91,92,92,92,92,90,90,90,213
73132,99,94,94,94,94,95,95,95,95,95,95,95,220
73349,99,94,94,94,94,95,95,95,95,94,94,94,220
73549,99,96,96,96,96,97,97,97,97,94,94,94,225
73733,100,95,95,95,95,96,96,96,96,94,94,94,223
73939,100,95,95,95,95,96,96,96,96,94,94,94,223
74145,100,95,95,95,95,96,96,96,96,94,94,94,223
74345,100,95,95,95,95,96,96,96,96,94,94,94,223
74535,99,95,95,95,95,97,97,97,96,94,94,94,224
74740,99,96,96,96,96,97,97,97,97,94,94,94,224
74936,99,96,96,96,96,97,97,97,97,94,94,94,224
75138,99,96,96,96,96,97,97,97,97,94,94,94,224
75342,99,96,96,96,96,97,97,97,97,94,94,94,224
75548,100,96,96,96,96,97,97,97,97,94,94,94,224
75733,98,97,97,97,97,98,98,98,98,95,95,95,226
75939,98,96,96,96,96,97,97,97,97,94,94,94,224
76140,97,95,95,95,95,96,96,96,96,93,93,93,222
76338,97,94,94,94,94,95,95,95,95,92,92,92,220
76540,96,94,94,94,94,95,95,95,95,92,92,92,219
76747,96,94,94,94,94,95,95,95,95,92,92,92,219
76948,96,94,94,94,94,95,95,95,95,92,92,93,219
77133,96,94,94,94,94,95,95,95,95,93,93,93,220
77344,97,94,94,94,94,95,95,95,95,93,93,93,221
77545,97,94,94,94,94,95,95,95,95,93,93,93,221
77734,97,94,94,94,94,95,95,95,95,93,93,93,221
77933,97,94,94,94,94,95,95,95,95,93,93,93,221
78151,96,94,94,94,94,95,95,95,95,93,93,93,220
78340,96,94,94,94,94,95,95,95,95,93,93,93,220
78544,97,94,94,94,94,95,95,95,95,93,93,93,221
78744,97,94,94,94,94,95,95,95,95,93,93,93,221
78935,97,95,95,95,95,96,96,96,96,93,93,93,221
79137,97,95,95,95,95,96,96,96,96,93,93,93,221
79332,97,95,95,95,95,96,96,96,96,93,93,93,221
79542,97,94,94,94,94,95,95,95,95,93,93,93,221
79742,97,94,94,94,94,95,95,95,95,93,93,93,221
79947,96,94,94,94,94,95,95,95,95,93,93,93,220
80132,96,94,94,94,94,95,95,95,95,93,93,93,220
80340,98,96,96,96,96,97,97,97,97,94,94,94,224
80542,95,93,93,93,93,93,93,93,93,89,89,89,216
80742,95,94,94,94,94,93,93,93,93,89,89,89,216
80948,95,94,94,94,94,94,94,94,93,89,89,89,217
81150,95,94,94,94,94,94,94,94,94,89,89,89,217
81338,95,94,94,94,94,93,93,93,93,89,89,89,217
81537,95,94,94,94,94,93,93,93,93,89,89,89,216
81737,95,94,94,94,94,93,93,93,93,89,89,89,216
81940,95,94,94,94,94,93,93,93,93,90,90,90,216
82149,95,94,94,94,94,93,93,93,93,90,90,90,216
82335,95,94,94,94,94,93,93,93,93,89,89,89,216
82540,95,94,94,94,94,93,93,93,93,89,89,89,216
82736,95,94,94,94,94,93,93,93,93,89,89,89,216
82937,95,94,94,94,94,93,93,93,93,89,89,89,216
83145,94,93,93,93,93,93,93,93,93,89,89,89,215
83349,94,93,93,93,93,93,93,93,93,89,89,89,215
83536,94,93,93,93,93,93,93,93,93,89,89,89,215
83735,95,94,94,94,94,93,93,93,93,89,89,89,216
83941,95,94,94,94,94,93,93,93,93,89,89,89,216
84138,95,94,94,94,94,93,93,93,93,89,89,89,216
84353,94,94,94,94,94,93,93,93,93,89,89,89,215
84547,93,93,93,93,93,92,92,92,92,88,88,88,213
84741,91,92,92,92,92,91,91,91,91,87,87,87,210
84937,89,91,91,91,91,89,89,89,89,86,86,86,207
85143,89,91,91,91,91,89,89,89,89,85,85,85,206
85339,89,91,91,91,91,89,89,89,89,85,85,85,206
85550,89,91,91,91,91,89,89,89,89,85,85,85,206
85734,89,91,91,91,91,89,89,89,89,85,85,85,206
85940,89,91,91,91,91,89,89,89,89,85,85,85,206
86140,89,91,91,91,91,89,89,89,89,85,85,85,206
86344,89,91,91,91,91,89,89,89,89,85,85,85,205
86542,89,91,91,91,91,89,89,89,88,85,85,85,205
86748,89,91,91,91,91,89,89,89,89,85,85,85,205
86953,89,91,91,91,91,89,89,89,89,85,85,85,205
87141,89,91,91,91,91,89,89,89,89,85,85,85,206
87345,89,91,91,91,91,89,89,89,89,85,85,85,206
87543,89,91,91,91,91,89,89,89,89,85,85,85,206
87747,89,91,91,91,91,89,89,89,89,85,85,85,206
87933,89,91,91,91,91,89,89,89,89,85,85,85,205
88153,89,91,91,91,91,89,89,89,89,85,85,85,205
88337,89,91,91,91,91,89,89,89,89,85,85,85,205
88545,89,89,89,89,89,88,88,88,88,85,85,85,204
88744,92,93,93,0,93,92,92,92,92,90,90,90,214
88950,94,94,94,0,94,95,95,95,95,92,92,92,220
89136,94,94,94,0,94,95,95,95,95,92,92,92,220
89341,94,93,93,0,93,95,95,95,95,92,92,92,220
89538,94,92,92,0,92,95,95,95,95,92,92,92,219
89747,94,91,91,0,91,94,94,94,94,92,92,92,218
89942,94,90,90,0,90,94,94,94,94,91,91,91,217
90137,94,89,89,0,89,93,93,93,93,91,91,91,216
90335,94,88,88,0,88,93,93,93,93,91,91,91,215
90538,94,88,88,0,88,93,93,93,93,91,91,91,215
90751,94,88,88,0,88,93,93,93,93,90,90,90,215
90945,94,88,88,0,88,93,93,93,93,90,90,90,215
91148,94,88,88,0,88,93,93,93,93,90,90,90,215
91345,93,88,88,0,88,92,92,92,92,90,90,90,214
91533,93,88,88,0,88,92,92,92,92,90,90,90,214
91740,93,88,88,0,88,92,92,92,92,90,90,90,214
91946,93,88,88,0,88,92,92,92,92,90,90,90,214
92145,94,88,88,0,88,93,93,93,93,90,90,90,215
92350,94,88,88,88,88,93,93,93,93,90,90,90,215
92534,94,88,88,88,88,93,93,93,93,90,90,90,215
92740,94,88,88,88,88,93,93,93,93,90,90,90,215
92957,94,88,87,88,88,92,92,92,92,90,90,90,214
93147,93,87,87,87,87,92,92,92,92,90,90,90,213
93333,93,86,85,86,86,92,92,92,92,89,89,89,212
93545,93,84,84,84,84,91,91,91,91,89,89,89,211
93732,93,83,83,83,83,91,91,91,91,88,88,89,210
93941,93,82,82,82,82,90,90,90,90,88,88,88,209
94144,92,81,81,81,81,90,90,90,90,87,87,87,208
94349,92,80,79,79,79,89,89,89,89,86,86,86,206
94547,91,78,78,78,78,88,88,88,88,86,86,86,204
94736,91,77,76,76,76,87,87,87,87,85,85,85,202
94938,90,75,75,75,75,86,86,86,86,84,84,84,200
95137,90,74,73,73,73,85,85,85,85,83,83,83,198
95344,89,72,72,72,72,85,85,85,85,83,83,83,196
95551,89,71,70,71,70,84,84,84,84,82,82,82,195
95748,88,70,70,70,70,84,84,84,84,82,82,82,194
95940,88,70,70,70,70,84,84,84,84,81,81,81,194
96135,88,70,70,70,70,84,84,84,84,81,81,81,194
96346,88,70,70,70,70,84,84,84,84,81,81,81,194
96541,77,57,57,57,57,70,70,70,70,68,68,68,222
96752,78,59,59,59,59,71,71,71,71,69,69,69,204
96931,79,61,61,61,61,72,72,72,72,71,71,71,185
97140,80,63,62,63,63,73,73,73,73,72,72,72,168
97336,81,65,64,64,64,75,75,75,75,73,73,73,148
97547,81,65,65,65,65,75,75,75,75,73,73,73,132
97732,81,65,65,65,65,75,75,75,75,73,73,73,105
97951,81,65,64,65,65,75,75,75,75,73,73,73,89
98238,81,65,64,65,64,75,75,75,75,72,72,72,73
98404,80,65,64,64,64,74,74,74,74,72,73,73,41
98564,92,90,333,333,333,90,90,90,90,88,88,88,41
98751,93,90,307,307,307,90,90,90,90,88,88,88,39
98934,93,91,318,318,318,91,91,91,91,88,88,88,45
99134,93,91,316,316,316,91,91,91,91,88,88,88,37
99341,93,91,310,310,310,91,91,91,91,88,88,88,12
99548,93,90,333,332,332,90,90,90,90,88,88,88,39
99749,92,90,306,306,306,90,90,90,90,88,88,88,37
99945,92,90,322,322,322,90,90,90,90,88,88,88,14
1.0021e+005,92,90,312,312,312,90,90,90,90,88,88,88,44
1.0039e+005,93,90,312,311,312,90,90,90,90,88,88,88,25
1.0055e+005,93,90,331,331,331,90,90,90,90,88,88,88,29
1.0075e+005,93,91,306,306,306,91,91,91,91,88,88,88,41
1.0095e+005,93,91,326,326,326,91,91,91,91,88,88,88,12
1.0115e+005,93,90,310,309,310,90,90,90,90,88,88,88,42
1.0134e+005,91,89,311,311,311,89,89,89,89,85,85,85,27
1.0154e+005,91,88,324,324,324,88,88,88,88,85,85,85,28
1.0174e+005,91,88,301,301,301,88,88,88,88,85,85,85,42
1.0195e+005,91,89,319,319,319,89,89,89,89,85,85,85,12
1.0213e+005,91,89,321,321,321,89,89,89,89,85,85,85,42
1.0235e+005,91,89,312,312,312,89,89,89,89,85,85,85,28
1.0254e+005,92,89,334,334,334,89,89,89,89,85,85,85,27
1.0273e+005,91,88,100,99,88,89,89,89,89,85,85,85,42
1.0294e+005,91,88,100,100,88,88,88,88,88,84,84,84,12
1.0314e+005,91,88,99,99,88,88,88,88,88,84,84,84,42
1.0334e+005,91,88,99,99,88,88,88,88,88,85,85,85,28
1.0355e+005,92,90,90,90,90,89,89,89,89,86,86,86,27
1.0374e+005,92,93,93,93,93,91,91,91,91,87,87,87,42
1.0394e+005,93,95,95,95,95,92,92,92,92,88,88,88,12
1.0414e+005,93,97,97,97,97,92,92,92,92,88,88,88,42
1.0434e+005,93,97,97,97,97,92,92,92,92,88,88,88,28
1.0454e+005,93,97,97,97,97,92,92,92,92,88,88,88,27
1.0474e+005,93,97,97,97,97,92,92,92,92,88,88,88,42
1.0493e+005,92,97,97,97,97,92,92,92,92,88,88,88,12
1.0514e+005,93,97,97,97,97,92,92,92,92,88,88,88,42
1.0534e+005,93,97,97,97,97,92,92,92,92,88,89,88,28
1.0555e+005,93,96,96,96,96,92,92,92,92,88,88,88,24
1.0573e+005,93,96,97,97,97,92,92,92,92,88,88,88,86
1.0593e+005,93,96,97,97,96,92,92,92,92,88,88,88,102
1.0614e+005,93,96,96,96,96,92,92,92,92,88,88,88,123
1.0634e+005,93,96,96,96,96,92,92,92,92,88,88,88,139
1.0654e+005,92,96,96,96,96,92,92,92,92,88,88,88,182
1.0675e+005,92,96,96,96,96,92,92,92,92,88,88,88,202
1.0695e+005,93,96,96,96,96,92,92,92,92,88,88,88,216
1.0715e+005,93,96,96,96,96,92,92,92,92,88,88,88,238
1.0734e+005,93,96,97,97,97,92,92,92,92,88,88,88,259
1.0755e+005,93,96,97,97,97,92,92,92,92,88,88,88,274
1.0775e+005,93,96,96,96,96,92,92,92,92,88,88,88,247
1.0795e+005,93,96,96,96,96,92,92,92,92,88,88,88,272
1.0814e+005,92,96,96,96,96,92,92,92,92,88,88,88,264
1.0834e+005,92,96,96,96,96,92,92,92,92,88,88,88,250
1.0855e+005,93,96,96,96,96,92,92,92,92,88,88,88,277
1.0873e+005,93,96,96,96,96,92,92,92,92,88,88,88,252
1.0895e+005,93,96,97,97,96,92,92,92,92,88,88,88,264
1.0914e+005,93,96,97,97,97,92,92,92,92,88,88,88,270
1.0934e+005,93,96,96,96,96,92,92,92,92,88,88,88,248
1.0954e+005,92,91,0,91,91,90,90,90,90,86,86,86,276
1.0974e+005,91,89,0,89,89,89,89,89,89,85,85,85,253
1.0995e+005,91,89,0,89,89,89,89,89,89,85,85,85,263
1.1015e+005,91,89,0,89,89,89,89,89,89,85,85,85,270
1.1035e+005,91,89,0,89,89,89,89,89,89,85,85,85,248
1.1053e+005,91,89,0,89,89,89,89,89,89,85,85,85,276
1.1074e+005,92,90,0,90,90,89,89,89,89,85,85,85,253
1.1094e+005,92,90,0,90,90,89,89,89,89,85,85,85,263
1.1115e+005,92,89,0,89,89,89,89,89,89,85,85,85,270
1.1135e+005,91,89,0,89,89,89,89,89,89,85,85,85,248
1.1154e+005,91,89,0,89,89,89,89,89,89,85,85,85,276
1.1174e+005,91,89,0,89,89,89,89,89,89,85,85,85,253
1.1194e+005,91,89,0,89,89,89,89,89,89,85,85,85,263
1.1214e+005,91,89,0,89,89,89,89,89,89,85,85,85,270
1.1235e+005,92,90,0,90,90,89,89,89,89,85,85,85,248
1.1254e+005,92,90,0,90,90,89,89,89,89,85,85,85,276
1.1274e+005,92,90,0,90,90,89,89,89,89,85,85,85,253
1.1294e+005,91,89,0,89,89,89,89,89,89,85,85,85,263
1.1315e+005,91,89,0,89,89,89,89,89,89,85,85,85,270
1.1334e+005,91,89,0,89,89,89,89,89,89,85,85,85,248
1.1354e+005,91,88,0,88,88,88,88,88,88,85,85,85,276
1.1374e+005,91,88,0,88,88,88,88,88,88,85,85,85,253
1.1394e+005,91,88,0,88,88,89,89,89,89,85,85,85,263
1.1414e+005,91,88,0,88,88,89,89,89,89,85,85,85,270
1.1434e+005,91,88,0,88,88,89,89,89,89,85,85,85,248
1.1454e+005,91,88,0,88,88,88,88,88,88,84,85,84,276
1.1474e+005,91,88,0,88,88,88,88,88,88,84,84,84,253
1.1493e+005,91,88,0,88,88,88,88,88,88,84,85,84,263
1.1514e+005,91,88,0,88,88,88,88,88,88,85,85,85,270
1.1535e+005,91,88,0,88,88,88,88,88,88,85,85,85,248
1.1555e+005,91,88,0,88,88,89,89,89,88,85,85,85,276
1.1574e+005,91,88,0,88,88,89,89,89,89,85,85,85,253
1.1594e+005,91,88,0,88,88,89,89,89,89,85,85,85,263
1.1614e+005,91,88,0,88,88,89,89,89,89,85,85,85,270
1.1634e+005,91,88,0,88,88,88,88,88,88,84,84,84,248
1.1654e+005,91,88,0,88,88,88,88,88,88,84,84,84,276
1.1675e+005,91,88,0,88,88,88,88,88,88,85,85,85,253
1.1694e+005,91,88,0,88,88,88,88,88,88,85,85,85,263
1.1713e+005,91,88,0,88,88,88,88,88,88,85,85,85,270
1.1734e+005,91,88,0,88,88,89,89,89,89,85,85,85,248
1.1754e+005,94,91,91,91,91,91,91,91,91,87,87,87,211
1.1775e+005,101,97,97,97,97,98,98,98,98,95,95,95,228
1.1795e+005,95,92,92,92,92,94,94,94,94,89,89,89,217
1.1815e+005,93,88,88,88,88,91,91,91,91,87,87,87,210
1.1834e+005,93,87,87,87,87,90,90,90,90,87,87,87,210
1.1854e+005,92,86,86,86,86,89,89,89,89,86,86,86,207
1.1874e+005,92,84,83,84,84,88,88,88,88,84,84,84,204
1.1894e+005,91,82,81,82,82,87,87,87,87,83,83,83,201
1.1915e+005,90,80,80,80,80,86,86,86,86,82,82,82,198
1.1934e+005,89,78,78,78,78,84,84,84,84,81,81,81,195
1.1954e+005,89,76,76,76,76,83,83,83,83,80,80,80,193
1.1974e+005,88,75,75,75,75,83,83,83,83,79,79,79,192
1.1995e+005,88,74,74,74,74,82,82,82,82,79,79,79,190
1.2013e+005,88,73,72,72,72,82,82,82,82,78,78,78,189
1.2033e+005,87,71,71,71,71,81,81,81,81,78,78,78,188
1.2054e+005,87,70,70,70,70,81,81,81,81,78,78,78,187
1.2074e+005,87,69,69,69,69,81,81,81,81,77,77,77,187
1.2094e+005,87,68,68,68,68,80,80,80,80,77,77,77,186
1.2113e+005,87,67,67,67,67,80,80,80,80,76,76,76,185
1.2135e+005,87,66,66,66,66,79,79,79,79,76,76,76,184
1.2154e+005,88,69,68,68,68,82,82,82,82,79,79,80,189
1.2174e+005,88,69,68,69,69,82,82,82,82,80,80,80,189
1.2194e+005,88,69,69,69,69,82,82,82,82,80,80,80,190
1.2214e+005,88,69,69,69,69,82,82,82,82,80,80,80,190
1.2235e+005,89,69,69,69,69,82,82,82,82,80,80,80,190
1.2254e+005,89,69,69,69,69,82,82,82,82,80,80,80,190
1.2274e+005,89,69,69,69,69,82,82,82,82,80,80,80,190
1.2294e+005,89,69,69,69,69,82,82,82,82,80,80,80,190
1.2314e+005,88,69,69,69,69,82,82,82,82,80,80,80,190
1.2335e+005,88,69,69,69,69,82,82,82,82,80,80,80,190
1.2355e+005,95,94,325,325,325,94,94,94,94,92,92,92,218
1.2374e+005,90,89,332,332,332,89,89,89,89,87,87,87,207
1.2394e+005,89,88,332,332,332,88,88,88,88,86,86,86,204
1.2414e+005,95,94,333,333,333,94,94,94,94,92,92,92,218
1.2435e+005,97,97,333,333,333,97,97,97,97,94,94,94,223
1.2455e+005,97,96,333,333,333,96,96,96,96,93,93,93,222
1.2475e+005,97,96,333,333,333,96,96,96,96,93,93,93,221
1.2494e+005,96,95,334,334,334,95,95,95,95,93,93,93,221
1.2514e+005,96,96,334,334,334,96,96,96,96,93,93,93,221
1.2534e+005,97,96,334,334,334,96,96,96,96,93,93,93,222
1.2555e+005,97,96,335,335,335,96,96,96,96,93,93,93,222
1.2574e+005,97,96,0,318,318,96,96,96,96,93,93,93,222
1.2593e+005,97,96,0,320,320,96,96,96,96,93,93,93,222
1.2614e+005,97,96,0,319,319,96,96,96,96,93,93,93,222
1.2634e+005,97,96,0,338,338,96,96,96,96,93,93,93,221
1.2655e+005,96,95,0,314,314,95,95,95,95,93,93,93,221
1.2674e+005,96,95,0,337,337,95,95,95,95,93,93,93,221
1.2695e+005,97,96,0,319,319,96,96,96,96,93,93,93,221
1.2714e+005,97,96,0,320,320,96,96,96,96,93,93,93,222
1.2734e+005,97,96,0,334,334,96,96,96,96,93,93,93,222
1.2754e+005,97,96,0,314,314,96,96,96,96,93,93,93,222
1.2775e+005,97,95,0,101,95,96,96,96,96,93,93,93,221
1.2793e+005,96,95,0,99,95,95,95,95,95,93,93,93,221
1.2815e+005,96,95,0,99,95,95,95,95,95,93,93,93,221
1.2834e+005,96,95,0,97,95,95,95,95,95,93,93,93,221
1.2854e+005,96,96,0,96,96,96,96,96,96,93,93,93,221
1.2875e+005,97,97,0,97,97,96,96,96,96,94,94,94,223
1.2895e+005,97,99,0,99,99,97,97,97,97,94,94,94,224
1.2914e+005,97,100,0,100,100,97,97,97,97,95,95,95,226
1.2933e+005,97,101,0,101,101,98,98,98,98,95,95,95,226
1.2954e+005,97,100,0,100,100,98,98,98,98,95,95,95,226
1.2974e+005,97,99,0,99,99,97,97,97,97,94,95,95,225
1.2994e+005,97,98,0,98,98,97,97,97,97,94,94,94,224
1.3013e+005,97,97,0,97,97,96,96,96,96,94,94,94,223
1.3035e+005,97,96,0,96,96,96,96,96,96,94,94,94,222
1.3055e+005,97,96,0,96,96,96,96,96,96,94,94,94,222
1.3074e+005,97,97,0,97,97,96,96,96,96,94,94,94,223
1.3094e+005,97,96,0,96,96,96,96,96,96,93,93,93,222
1.3113e+005,97,96,0,96,96,96,96,96,96,93,93,93,222
1.3134e+005,97,96,0,96,96,96,96,96,96,93,93,93,222
1.3155e+005,96,96,0,96,96,96,96,96,96,93,93,93,221
1.3174e+005,96,96,0,96,96,96,96,96,96,93,93,93,221
1.3195e+005,97,96,0,96,96,96,96,96,96,93,94,94,222
1.3214e+005,97,96,0,96,96,96,96,96,96,94,94,94,222
1.3236e+005,97,96,0,96,96,96,96,96,96,94,94,94,222
1.3254e+005,97,97,0,97,97,96,96,96,96,93,93,93,223
1.3273e+005,97,96,0,96,96,96,96,96,96,93,93,93,222
1.3294e+005,97,96,0,96,96,96,96,96,96,93,93,93,222
1.3315e+005,96,96,0,96,96,96,96,96,96,93,93,93,222
1.3334e+005,96,96,0,96,96,96,96,96,96,93,93,93,221
1.3355e+005,97,96,99,96,96,96,96,96,96,93,94,94,222
1.3373e+005,97,99,99,99,99,97,97,97,97,95,95,95,225
1.3394e+005,99,101,101,101,101,99,99,99,99,96,96,96,228
1.3414e+005,99,102,102,102,102,99,99,99,99,96,96,96,229
1.3434e+005,99,102,102,102,102,99,99,99,99,96,96,96,229
1.3453e+005,99,102,102,102,102,99,99,99,99,96,96,96,229
1.3475e+005,99,102,102,102,102,99,99,99,99,96,96,96,229
1.3494e+005,99,101,102,102,101,99,99,99,99,96,96,96,229
1.3514e+005,99,102,102,102,102,99,99,99,99,96,96,96,229
1.3534e+005,99,102,102,102,102,99,99,99,99,97,97,97,229
1.3555e+005,99,102,102,102,102,99,99,99,99,97,97,97,229
1.3575e+005,99,102,102,102,102,99,99,99,99,96,97,97,230
1.3595e+005,99,102,102,102,102,99,99,99,99,96,96,96,230
1.3613e+005,99,102,102,102,102,99,99,99,99,96,96,96,229
1.3634e+005,99,102,102,102,102,99,99,99,99,96,96,96,229
1.3654e+005,99,101,102,102,101,99,99,99,99,96,96,96,229
1.3673e+005,99,101,102,102,102,99,99,99,99,96,96,96,229
1.3694e+005,99,102,102,102,102,99,99,99,99,96,97,97,229
1.3715e+005,99,102,102,102,102,99,99,99,99,97,97,97,229
1.3734e+005,99,102,102,102,102,99,99,99,99,97,97,97,230
1.3754e+005,99,102,102,102,102,99,99,99,99,96,96,96,230
1.3773e+005,100,102,102,102,102,99,99,99,99,96,96,96,229
1.3795e+005,99,106,106,106,106,102,102,102,102,98,98,98,235
1.3813e+005,99,102,102,102,102,98,98,98,98,94,94,94,227
1.3833e+005,99,101,101,101,101,97,97,97,97,95,95,95,225
1.3854e+005,99,103,103,103,103,99,99,99,99,95,95,95,229
1.3873e+005,100,103,103,103,103,98,98,99,98,97,97,97,228
1.3893e+005,100,103,103,103,103,99,99,99,99,96,96,96,229
1.3915e+005,100,103,103,103,103,99,99,99,99,96,96,96,229
1.3935e+005,100,103,103,103,103,99,99,99,99,96,96,96,228
1.3954e+005,99,103,103,103,103,99,99,99,98,96,96,96,228
1.3974e+005,99,102,103,103,103,98,98,98,98,96,96,96,228
1.3993e+005,99,102,103,103,102,98,98,98,98,96,96,96,228
1.4014e+005,99,102,103,102,102,98,98,98,98,96,96,96,228
1.4033e+005,99,102,103,102,102,98,98,98,98,96,96,96,228
1.4054e+005,100,102,102,102,102,98,98,98,98,96,96,96,228
1.4073e+005,100,102,102,102,102,98,98,98,98,96,96,96,228
1.4094e+005,100,102,102,102,102,98,98,98,98,96,96,96,228
1.4114e+005,100,102,102,102,102,98,98,98,98,96,96,96,228
1.4133e+005,99,94,337,337,337,94,94,94,94,88,89,89,218
1.4155e+005,99,90,331,331,331,90,90,90,90,88,88,88,209
1.4174e+005,99,99,313,313,313,99,99,99,99,98,98,98,229
1.4194e+005,99,95,338,338,338,95,95,95,95,92,92,92,220
1.4214e+005,100,95,280,280,280,95,95,95,95,94,94,94,220
1.4233e+005,100,97,277,277,277,97,97,97,97,95,95,95,224
1.4253e+005,100,97,275,275,275,97,97,97,97,95,95,95,223
1.4274e+005,100,96,278,278,278,96,96,96,96,95,95,95,223
1.4294e+005,99,97,271,271,271,97,97,97,97,95,95,95,224
1.4314e+005,99,97,273,273,273,97,97,97,97,95,95,95,224
1.4334e+005,99,97,280,280,280,97,97,97,97,95,95,95,224
1.4354e+005,99,97,327,326,327,97,97,97,97,95,95,95,224
1.4373e+005,100,97,328,328,328,97,97,97,97,95,95,95,224
1.4394e+005,100,97,329,329,329,97,97,97,97,95,95,95,224
1.4414e+005,100,97,331,331,331,97,97,97,97,95,95,95,224
1.4436e+005,100,97,333,333,333,97,97,97,97,95,95,95,225
1.4454e+005,99,97,334,334,334,97,97,97,97,95,95,95,225
1.4475e+005,99,97,334,334,334,97,97,97,97,95,95,95,225
1.4493e+005,99,97,330,330,330,97,97,97,97,95,95,95,225
1.4514e+005,99,97,303,303,303,97,97,97,97,95,95,95,225
1.4534e+005,99,97,316,316,316,97,97,97,97,95,95,95,225
1.4554e+005,100,97,0,97,0,97,97,97,97,95,95,95,225
1.4575e+005,100,97,0,100,0,97,97,97,97,95,95,95,225
1.4595e+005,100,97,0,102,0,97,97,97,97,95,95,95,225
1.4613e+005,100,97,0,96,0,97,97,97,97,95,95,95,225
1.4635e+005,99,97,0,104,0,97,97,97,97,95,95,95,225
1.4655e+005,99,97,0,96,0,97,97,97,97,95,95,95,225
1.4675e+005,99,97,0,101,0,97,97,97,97,95,95,95,225
1.4695e+005,99,97,0,101,0,97,97,97,97,95,95,95,225
1.4713e+005,100,97,0,96,0,97,97,97,97,95,95,95,225
1.4734e+005,100,97,0,104,0,97,97,97,97,95,95,95,225
1.4754e+005,100,97,0,96,0,97,97,97,97,95,95,95,225
1.4775e+005,100,97,0,102,0,97,97,97,97,95,95,95,225
1.4796e+005,99,97,0,99,0,97,97,97,97,95,95,95,225
1.4815e+005,99,97,0,97,0,97,97,97,97,95,95,95,225
1.4834e+005,99,97,0,103,0,97,97,97,97,95,95,95,225
1.4854e+005,99,97,0,95,0,97,97,97,97,95,95,95,225
1.4875e+005,100,97,0,103,0,97,97,97,97,95,95,95,225
1.4895e+005,100,97,0,98,0,97,97,97,97,95,95,95,225
1.4915e+005,100,97,0,98,0,97,97,97,97,95,95,95,225
1.4933e+005,100,0,0,103,0,0,0,0,0,0,0,0,252
1.4954e+005,99,0,0,95,0,0,0,0,0,0,0,0,200
1.4974e+005,99,0,0,103,0,0,0,0,0,0,0,0,192
1.4994e+005,99,0,0,97,0,0,0,0,0,0,0,0,136
1.5014e+005,99,0,0,99,0,0,0,0,0,0,0,0,130
1.5033e+005,99,0,0,102,0,0,0,0,0,0,0,0,105
1.5054e+005,100,0,0,95,0,0,0,0,0,0,0,0,74
1.5074e+005,100,0,0,104,0,0,0,0,0,0,0,0,58
1.5094e+005,100,0,0,96,0,0,0,0,0,0,0,0,45
1.5113e+005,100,0,0,100,0,0,0,0,0,0,0,0,23
1.5134e+005,99,0,0,101,0,0,0,0,0,0,0,0,10
1.5153e+005,99,0,0,96,0,0,0,0,0,0,0,0,6
1.5174e+005,99,0,0,104,0,0,0,0,0,0,0,0,3
1.5194e+005,99,0,0,96,0,0,0,0,0,0,0,0,1
1.5214e+005,100,0,0,101,0,0,0,0,0,0,0,0,1
1.5234e+005,100,0,0,100,0,0,0,0,0,0,0,0,1
1.5278e+005,100,0,0,97,0,0,0,0,0,0,0,0,0
1.528e+005,100,0,0,104,0,0,0,0,0,0,0,0,0
1.5294e+005,99,0,0,95,0,0,0,0,0,0,0,0,0
1.5314e+005,99,0,0,102,0,0,0,0,0,0,0,0,0
1.5335e+005,99,0,0,99,0,0,0,0,0,0,0,0,0
1.5353e+005,99,0,0,98,0,0,0,0,0,0,0,0,0
1.5374e+005,100,0,0,103,0,0,0,0,0,0,0,0,0
1.5394e+005,100,0,0,95,0,0,0,0,0,0,0,0,0
1.5415e+005,100,0,0,103,0,0,0,0,0,0,0,0,0
1.5435e+005,100,0,0,98,0,0,0,0,0,0,0,0,0
1.5455e+005,99,0,0,99,0,0,0,0,0,0,0,0,0
1.5474e+005,99,0,0,102,0,0,0,0,0,0,0,0,0
1.5494e+005,99,0,0,95,0,0,0,0,0,0,0,0,0
1.5515e+005,99,0,0,103,0,0,0,0,0,0,0,0,0
1.5535e+005,99,0,0,97,0,0,0,0,0,0,0,0,0
1.5555e+005,100,0,0,100,0,0,0,0,0,0,0,0,0
1.5574e+005,100,0,0,102,0,0,0,0,0,0,0,0,0
1.5594e+005,100,0,0,96,0,0,0,0,0,0,0,0,0
1.5615e+005,100,0,0,104,0,0,0,0,0,0,0,0,0
1.5635e+005,99,0,0,96,0,0,0,0,0,0,0,0,0
1.5655e+005,99,0,0,101,0,0,0,0,0,0,0,0,0
1.5676e+005,99,0,0,101,0,0,0,0,0,0,0,0,0
1.5696e+005,99,0,0,96,0,0,0,0,0,0,0,0,0
1.5715e+005,100,0,0,104,0,0,0,0,0,0,0,0,0
1.5735e+005,100,0,0,96,0,0,0,0,0,0,0,0,0
1.5755e+005,100,0,0,102,0,0,0,0,0,0,0,0,0
1.5774e+005,100,0,0,100,0,0,0,0,0,0,0,0,0
1.5795e+005,99,0,0,97,0,0,0,0,0,0,0,0,0
1.5816e+005,99,0,0,103,0,0,0,0,0,0,0,0,0
1.5835e+005,99,0,0,95,0,0,0,0,0,0,0,0,0
1.5855e+005,99,0,0,103,0,0,0,0,0,0,0,0,0
1.5876e+005,100,0,0,98,0,0,0,0,0,0,0,0,0
1.5894e+005,100,0,0,98,0,0,0,0,0,0,0,0,0
1.5916e+005,100,0,0,103,0,0,0,0,0,0,0,0,0
1.5934e+005,100,0,0,95,0,0,0,0,0,0,0,0,0
1.5955e+005,99,0,0,103,0,0,0,0,0,0,0,0,0
1.5975e+005,99,0,0,97,0,0,0,0,0,0,0,0,0
1.5995e+005,99,0,0,99,0,0,0,0,0,0,0,0,0
1.6016e+005,99,0,0,102,0,0,0,0,0,0,0,0,0
1.6034e+005,99,0,0,95,0,0,0,0,0,0,0,0,0
1.6055e+005,100,0,0,104,0,0,0,0,0,0,0,0,0
1.6075e+005,100,0,0,97,0,0,0,0,0,0,0,0,0
1.6095e+005,100,0,0,100,0,0,0,0,0,0,0,0,0
1.6115e+005,100,0,0,101,0,0,0,0,0,0,0,0,0
1.6135e+005,99,0,0,96,0,0,0,0,0,0,0,0,0
1.6156e+005,99,0,0,104,0,0,0,0,0,0,0,0,0
1.6175e+005,99,0,0,96,0,0,0,0,0,0,0,0,0
1.6195e+005,99,0,0,101,0,0,0,0,0,0,0,0,0
1.6215e+005,100,0,0,100,0,0,0,0,0,0,0,0,0
1.6236e+005,100,0,0,97,0,0,0,0,0,0,0,0,0
1.6256e+005,100,0,0,104,0,0,0,0,0,0,0,0,0
1.6275e+005,100,0,0,95,0,0,0,0,0,0,0,0,0
1.6295e+005,99,0,0,102,0,0,0,0,0,0,0,0,0
1.6315e+005,99,0,0,99,0,0,0,0,0,0,0,0,0
1.6334e+005,99,0,0,98,0,0,0,0,0,0,0,0,0
1.6355e+005,99,0,0,103,0,0,0,0,0,0,0,0,0
1.6375e+005,100,0,0,95,0,0,0,0,0,0,0,0,0
1.6395e+005,100,0,0,103,0,0,0,0,0,0,0,0,0
1.6415e+005,100,0,0,98,0,0,0,0,0,0,0,0,0
1.6435e+005,100,0,0,99,0,0,0,0,0,0,0,0,0
1.6456e+005,99,0,0,102,0,0,0,0,0,0,0,0,0
1.6474e+005,99,0,0,95,0,0,0,0,0,0,0,0,0
1.6495e+005,99,0,0,103,0,0,0,0,0,0,0,0,0
1.6515e+005,99,0,0,97,0,0,0,0,0,0,0,0,0
1.6535e+005,99,0,0,100,0,0,0,0,0,0,0,0,0
1.6553e+005,100,0,0,102,0,0,0,0,0,0,0,0,0
1.6576e+005,100,0,0,96,0,0,0,0,0,0,0,0,0
1.6595e+005,100,0,0,104,0,0,0,0,0,0,0,0,0
1.6615e+005,100,0,0,96,0,0,0,0,0,0,0,0,0
1.6635e+005,99,0,0,101,0,0,0,0,0,0,0,0,0
1.6656e+005,99,0,0,101,0,0,0,0,0,0,0,0,0
1.6676e+005,99,0,0,96,0,0,0,0,0,0,0,0,0
1.6694e+005,99,0,0,104,0,0,0,0,0,0,0,0,0
1.6714e+005,100,0,0,96,0,0,0,0,0,0,0,0,0
1.6734e+005,100,0,0,102,0,0,0,0,0,0,0,0,0
1.6755e+005,100,0,0,100,0,0,0,0,0,0,0,0,0
1.6776e+005,100,0,0,97,0,0,0,0,0,0,0,0,0
1.6794e+005,99,0,0,103,0,0,0,0,0,0,0,0,0
1.682e+005,99,0,0,95,0,0,0,0,0,0,0,0,0
1.6837e+005,99,0,0,103,0,0,0,0,0,0,0,0,0
1.6855e+005,99,0,0,98,0,0,0,0,0,0,0,0,0
1.6875e+005,100,0,0,98,0,0,0,0,0,0,0,0,0
1.6895e+005,100,0,0,103,0,0,0,0,0,0,0,0,0
1.6915e+005,100,0,0,95,0,0,0,0,0,0,0,0,0
1.6935e+005,100,0,0,103,0,0,0,0,0,0,0,0,0
1.6959e+005,99,0,0,97,0,0,0,0,0,0,0,0,0
1.6974e+005,99,0,0,99,0,0,0,0,0,0,0,0,0
1.6994e+005,99,0,0,102,0,0,0,0,0,0,0,0,0
1.7016e+005,99,0,0,95,0,0,0,0,0,0,0,0,0
1.7035e+005,99,0,0,104,0,0,0,0,0,0,0,0,0
1.7055e+005,100,0,0,97,0,0,0,0,0,0,0,0,0
1.7075e+005,100,0,0,100,0,0,0,0,0,0,0,0,0
1.7095e+005,100,0,0,101,0,0,0,0,0,0,0,0,0
1.7116e+005,100,0,0,96,0,0,0,0,0,0,0,0,0
1.7136e+005,99,0,0,104,0,0,0,0,0,0,0,0,0
1.7154e+005,99,0,0,96,0,0,0,0,0,0,0,0,0
1.7175e+005,99,0,0,101,0,0,0,0,0,0,0,0,0
1.7195e+005,99,0,0,100,0,0,0,0,0,0,0,0,0
1.7216e+005,100,0,0,97,0,0,0,0,0,0,0,0,0
1.7235e+005,100,0,0,104,0,0,0,0,0,0,0,0,0
1.7255e+005,100,0,0,95,0,0,0,0,0,0,0,0,0
1.7275e+005,100,0,0,102,0,0,0,0,0,0,0,0,0
1.7298e+005,99,0,0,99,0,0,0,0,0,0,0,0,0
1.7319e+005,99,0,0,98,0,0,0,0,0,0,0,0,0
1.7335e+005,99,0,0,103,0,0,0,0,0,0,0,0,0
1.7356e+005,99,0,0,95,0,0,0,0,0,0,0,0,0
1.7374e+005,100,0,0,103,0,0,0,0,0,0,0,0,0
1.7395e+005,100,0,0,98,0,0,0,0,0,0,0,0,0
1.7414e+005,100,0,0,99,0,0,0,0,0,0,0,0,0
1.7435e+005,100,0,0,102,0,0,0,0,0,0,0,0,0
1.7456e+005,99,0,0,95,0,0,0,0,0,0,0,0,0
1.7474e+005,99,0,0,103,0,0,0,0,0,0,0,0,0
1.7496e+005,99,0,0,97,0,0,0,0,0,0,0,0,0
1.7515e+005,99,0,0,100,0,0,0,0,0,0,0,0,0
1.7536e+005,99,0,0,102,0,0,0,0,0,0,0,0,0
1.7555e+005,100,0,0,96,0,0,0,0,0,0,0,0,0
1.7576e+005,100,0,0,104,0,0,0,0,0,0,0,0,0
1.7595e+005,100,0,0,96,0,0,0,0,0,0,0,0,0
1.7615e+005,100,0,0,101,0,0,0,0,0,0,0,0,0
1.7635e+005,99,0,0,101,0,0,0,0,0,0,0,0,0
1.7655e+005,99,0,0,96,0,0,0,0,0,0,0,0,0
1.7675e+005,99,0,0,104,0,0,0,0,0,0,0,0,0
1.7694e+005,99,0,0,96,0,0,0,0,0,0,0,0,0
1.7715e+005,100,0,0,102,0,0,0,0,0,0,0,0,0
1.7735e+005,100,0,0,100,0,0,0,0,0,0,0,0,0
1.7756e+005,100,0,0,97,0,0,0,0,0,0,0,0,0
1.7774e+005,100,0,0,103,0,0,0,0,0,0,0,0,0
1.7796e+005,99,0,0,95,0,0,0,0,0,0,0,0,0
1.7835e+005,99,0,0,103,0,0,0,0,0,0,0,0,0
1.7836e+005,99,0,0,99,0,0,0,0,0,0,0,0,0
1.7855e+005,99,0,0,98,0,0,0,0,0,0,0,0,0
1.7875e+005,100,0,0,103,0,0,0,0,0,0,0,0,0
1.7895e+005,100,0,0,95,0,0,0,0,0,0,0,0,0
1.7915e+005,100,0,0,103,0,0,0,0,0,0,0,0,0
1.7935e+005,100,0,0,97,0,0,0,0,0,0,0,0,0
1.7955e+005,99,0,0,99,0,0,0,0,0,0,0,0,0
1.7976e+005,99,0,0,102,0,0,0,0,0,0,0,0,0
1.7996e+005,99,0,0,95,0,0,0,0,0,0,0,0,0
1.8015e+005,99,0,0,104,0,0,0,0,0,0,0,0,0
